0.254711	-0.102192	-0.432141
0.254711	-0.102192	-0.432141
0.254711	-0.102192	-0.432141
0.254592	-0.113902	-0.420033
0.266186	-0.113784	-0.420034
0.289373	-0.113539	-0.407919
0.300967	-0.113421	-0.407920
0.312441	-0.125005	-0.383696
0.323917	-0.136605	-0.383705
0.335391	-0.148189	-0.359481
0.358578	-0.147944	-0.347367
0.370289	-0.136100	-0.335243
0.358814	-0.124508	-0.347351
0.370408	-0.124390	-0.347352
0.370408	-0.124390	-0.347352
0.370527	-0.112671	-0.347344
0.370527	-0.112671	-0.347344
0.358814	-0.124508	-0.347351
0.358815	-0.124516	-0.359467
0.358814	-0.124508	-0.347351
0.358815	-0.124516	-0.359467
0.347221	-0.124634	-0.359466
0.347221	-0.124634	-0.359466
0.335510	-0.136479	-0.371590
0.335153	-0.171618	-0.347381
0.346628	-0.183210	-0.335273
0.346628	-0.183210	-0.335273
0.334915	-0.195046	-0.335280
0.323322	-0.195173	-0.347396
0.300135	-0.195417	-0.359510
0.288424	-0.207262	-0.371634
0.288543	-0.195552	-0.383742
0.265475	-0.184086	-0.407965
0.253881	-0.184204	-0.407964
0.184082	-0.208367	-0.432207
0.172371	-0.220211	-0.444331
0.114402	-0.220811	-0.456442
0.056076	-0.256549	-0.444345
0.056195	-0.244839	-0.456453
0.056076	-0.256549	-0.444345
0.032650	-0.280215	-0.432242
-0.014202	-0.327537	-0.395921
-0.049341	-0.363031	-0.371709
-0.084125	-0.363370	-0.347473
-0.107434	-0.375309	-0.323247
-0.107553	-0.387019	-0.311138
-0.096078	-0.398611	-0.299031
-0.096317	-0.422032	-0.274814
-0.107911	-0.422150	-0.274813
-0.108031	-0.433852	-0.250588
-0.084844	-0.433608	-0.238474
-0.026992	-0.444735	-0.238486
0.031097	-0.432433	-0.250600
0.054406	-0.420494	-0.274827
0.031338	-0.409028	-0.299050
-0.003564	-0.421093	-0.286938
-0.061656	-0.433371	-0.238475
-0.096679	-0.457131	-0.190023
-0.119989	-0.469054	-0.141563
-0.120110	-0.480748	-0.105222
-0.131708	-0.480834	-0.056755
-0.131830	-0.492521	-0.008297
-0.120239	-0.492378	0.028051
-0.108646	-0.492252	0.040167
-0.085575	-0.503750	0.015924
-0.062385	-0.503529	-0.008311
-0.039198	-0.503276	0.015920
-0.027603	-0.503166	0.003802
-0.016007	-0.503064	-0.020431
0.042205	-0.479084	-0.093119
0.100298	-0.466806	-0.141582
0.147031	-0.431193	-0.165794
0.193523	-0.418986	-0.141558
0.228541	-0.395186	-0.129428
0.263318	-0.394791	-0.068849
0.310042	-0.359107	0.015986
0.310043	-0.359115	0.003870
0.298332	-0.370960	-0.008254
0.321756	-0.347279	0.003877
0.333350	-0.347160	0.003876
0.321638	-0.359005	-0.008247
0.309926	-0.370841	-0.008254
0.286501	-0.394515	-0.008269
0.309811	-0.382584	-0.044612
0.333236	-0.358919	-0.056714
0.344947	-0.347066	-0.032474
0.344822	-0.358736	0.040216
0.344823	-0.358744	0.028100
0.333114	-0.370605	-0.008256
0.344832	-0.358816	-0.080948
0.345075	-0.335428	-0.153631
0.356908	-0.311897	-0.189965
0.357028	-0.300186	-0.202073
0.368978	-0.264921	-0.214167
0.380572	-0.264803	-0.214168
0.380451	-0.276505	-0.189943
0.392044	-0.276379	-0.177828
0.403517	-0.287955	-0.141487
0.380213	-0.299926	-0.165726
0.380092	-0.311620	-0.129385
0.391687	-0.311510	-0.141502
0.391804	-0.299783	-0.129378
0.403279	-0.311375	-0.117270
0.379853	-0.335041	-0.105168
0.344717	-0.370558	-0.117305
0.274679	-0.418142	-0.117332
0.251370	-0.430073	-0.080988
0.251249	-0.441767	-0.044647
0.262960	-0.429922	-0.032523
0.286267	-0.417967	-0.032517
0.286263	-0.417935	0.015948
0.286262	-0.417927	0.028065
0.274551	-0.429780	0.003825
0.262956	-0.429890	0.015942
0.262955	-0.429882	0.028059
0.251355	-0.429953	0.100758
0.216567	-0.430260	0.173460
0.193494	-0.418746	0.221936
0.147115	-0.419195	0.258289
0.124044	-0.407705	0.270415
0.112566	-0.396089	0.294657
0.066423	-0.373094	0.343143
0.020752	-0.303218	0.403777
-0.036630	-0.245194	0.440171
-0.094128	-0.198904	0.452325
-0.105368	-0.163860	0.464466
-0.128319	-0.140660	0.464484
-0.151152	-0.105741	0.464510
-0.185460	-0.059231	0.452428
-0.196699	-0.024195	0.452453
-0.207819	0.022552	0.440370
-0.195632	0.081254	0.428292
-0.195395	0.104683	0.416192
-0.195157	0.128111	0.404092
-0.218344	0.127867	0.391977
-0.241649	0.115904	0.379855
-0.264598	0.139080	0.343523
-0.310853	0.150301	0.307186
-0.368700	0.161387	0.246617
-0.438374	0.148895	0.149683
-0.473627	0.101643	0.113305
-0.497402	0.042775	0.052684
-0.521059	-0.004367	0.004189
-0.521647	-0.062990	-0.044317
-0.510522	-0.109777	-0.092816
-0.487803	-0.156446	-0.141316
-0.464848	-0.179678	-0.189799
-0.418824	-0.214383	-0.226177
-0.395633	-0.214171	-0.262528
-0.384038	-0.214060	-0.274645
-0.361206	-0.248971	-0.262555
-0.326658	-0.272068	-0.286807
-0.303707	-0.295268	-0.286825
-0.281115	-0.353583	-0.226284
-0.246571	-0.376657	-0.214187
-0.200431	-0.399620	-0.214207
-0.154294	-0.422567	-0.189994
-0.108035	-0.433820	-0.202122
-0.084965	-0.445302	-0.202132
-0.096561	-0.445404	-0.177898
-0.119872	-0.457327	-0.129439
-0.108400	-0.468895	-0.080982
-0.108527	-0.480542	0.028058
-0.096823	-0.468633	0.137113
-0.096710	-0.456875	0.197703
-0.085000	-0.445022	0.221943
-0.061812	-0.444785	0.221941
-0.050218	-0.444659	0.234057
-0.038742	-0.456267	0.221931
-0.015670	-0.467765	0.197688
0.007403	-0.479270	0.161329
0.019000	-0.479176	0.124979
0.030477	-0.490792	0.100737
0.042075	-0.490706	0.052270
0.018895	-0.491006	-0.044659
-0.027238	-0.468099	-0.129454
-0.084848	-0.433576	-0.190008
-0.119392	-0.410502	-0.202105
-0.130867	-0.398910	-0.214213
-0.142461	-0.399029	-0.214212
-0.153818	-0.375718	-0.226311
-0.165291	-0.364134	-0.250535
-0.165054	-0.340706	-0.262636
-0.176408	-0.317411	-0.298968
-0.187884	-0.305811	-0.298959
-0.199122	-0.270783	-0.311050
-0.210597	-0.259191	-0.323158
-0.210478	-0.247473	-0.323150
-0.221953	-0.235881	-0.335257
-0.221834	-0.224170	-0.347366
-0.221595	-0.200750	-0.371583
-0.209764	-0.177203	-0.383684
-0.209525	-0.153782	-0.407901
-0.209526	-0.153774	-0.395784
-0.221120	-0.153892	-0.395783
-0.244190	-0.142411	-0.395774
-0.244190	-0.142411	-0.395774
-0.244190	-0.142411	-0.395774
-0.266785	-0.084064	-0.407848
-0.266785	-0.084064	-0.407848
-0.266904	-0.095782	-0.407856
-0.266904	-0.095782	-0.407856
-0.267022	-0.107501	-0.407864
-0.255428	-0.107382	-0.407865
-0.243950	-0.118998	-0.432107
-0.174621	-0.141741	-0.456362
-0.081985	-0.152529	-0.480610
-0.024133	-0.163655	-0.480623
0.022124	-0.174892	-0.468519
0.068262	-0.197848	-0.456422
0.067905	-0.232987	-0.432213
0.067430	-0.279844	-0.408012
0.043885	-0.315219	-0.383802
0.031934	-0.350477	-0.359592
0.008507	-0.374126	-0.323256
0.043169	-0.385481	-0.311151
0.112851	-0.373045	-0.299032
0.147633	-0.372690	-0.299035
0.182771	-0.337188	-0.311131
0.206316	-0.301813	-0.335342
0.229860	-0.266429	-0.347436
0.241692	-0.242882	-0.359537
0.265354	-0.195780	-0.371624
0.265710	-0.160633	-0.383716
0.277777	-0.113642	-0.383685
0.301201	-0.089961	-0.371555
0.312795	-0.089842	-0.371556
0.312677	-0.101561	-0.371564
0.312677	-0.101561	-0.371564
0.277660	-0.125368	-0.395810
0.266067	-0.125494	-0.407925
0.254948	-0.078756	-0.432125
0.231879	-0.067282	-0.444231
0.232354	-0.020417	-0.456316
0.220878	-0.008817	-0.456307
0.209403	0.002775	-0.468414
0.209877	0.049640	-0.480499
0.198402	0.061240	-0.480490
0.186927	0.072832	-0.492597
0.187164	0.096269	-0.492581
0.175688	0.107869	-0.492572
0.152737	0.131069	-0.492554
0.095004	0.153906	-0.504650
0.060222	0.153551	-0.504647
0.013847	0.153070	-0.516759
-0.009341	0.152833	-0.516758
-0.009341	0.152833	-0.516758
0.013965	0.164788	-0.516751
0.025441	0.153188	-0.516760
0.060340	0.165269	-0.504639
0.095004	0.153906	-0.504650
0.129549	0.130824	-0.504669
0.187163	0.096277	-0.480465
0.221470	0.049767	-0.468383
0.244540	0.038285	-0.468393
0.244421	0.026575	-0.456285
0.232946	0.038167	-0.468392
0.233064	0.049893	-0.456268
0.244539	0.038293	-0.456277
0.255896	0.014983	-0.444177
0.255896	0.014983	-0.444177
0.232590	0.003020	-0.456300
0.208930	-0.044098	-0.468446
0.254948	-0.078756	-0.432125
0.277898	-0.101940	-0.407910
0.242643	-0.149176	-0.420056
0.207506	-0.184686	-0.420077
0.161013	-0.196885	-0.432197
0.126112	-0.208958	-0.432202
0.091213	-0.221040	-0.444324
0.068025	-0.221276	-0.444322
0.056431	-0.221395	-0.444321
0.009936	-0.233586	-0.444325
-0.024965	-0.245651	-0.432213
-0.059628	-0.234296	-0.444319
-0.105767	-0.211333	-0.444299
-0.128719	-0.188133	-0.444281
-0.140076	-0.164815	-0.444264
-0.140076	-0.164815	-0.444264
-0.140194	-0.176533	-0.444272
-0.140433	-0.199953	-0.420055
-0.233545	-0.236015	-0.359489
-0.244784	-0.200978	-0.359464
-0.267855	-0.189489	-0.347338
-0.302757	-0.201546	-0.323110
-0.314116	-0.178220	-0.310977
-0.325472	-0.154909	-0.323076
-0.313759	-0.143081	-0.335185
-0.336474	-0.096444	-0.335151
-0.301334	-0.060958	-0.371480
-0.289501	-0.037419	-0.395698
-0.254480	-0.013644	-0.419917
-0.230817	0.033450	-0.444120
-0.195679	0.068952	-0.456216
-0.160422	0.116164	-0.480419
-0.113926	0.128348	-0.492532
-0.067077	0.175694	-0.492504
-0.032058	0.199486	-0.492491
0.014318	0.199959	-0.492495
0.072170	0.188832	-0.492508
0.106834	0.177469	-0.492518
0.141496	0.166114	-0.480413
0.153090	0.166240	-0.468297
0.176159	0.154758	-0.468307
0.176159	0.154758	-0.468307
0.198992	0.119840	-0.468333
0.209995	0.061367	-0.468374
0.209640	0.026212	-0.468398
0.186216	0.002531	-0.480529
0.185860	-0.032616	-0.468436
0.185742	-0.044335	-0.468444
0.219694	-0.125992	-0.444270
0.219218	-0.172849	-0.420070
0.218981	-0.196278	-0.407969
0.195674	-0.208232	-0.407975
0.183962	-0.220069	-0.407982
0.172250	-0.231906	-0.407989
0.125637	-0.255816	-0.408001
0.114043	-0.255934	-0.408000
0.102331	-0.267771	-0.408007
0.102212	-0.279489	-0.408015
0.090737	-0.267889	-0.408006
0.055956	-0.268252	-0.420120
0.044481	-0.256660	-0.432227
0.021293	-0.256896	-0.432225
0.009699	-0.257015	-0.432224
0.009699	-0.257015	-0.432224
-0.013371	-0.245533	-0.432214
-0.036440	-0.234059	-0.444321
-0.047796	-0.210749	-0.456420
-0.070866	-0.199268	-0.456410
-0.082223	-0.175949	-0.456393
-0.093816	-0.176076	-0.468509
-0.093698	-0.164357	-0.468501
-0.105293	-0.164468	-0.456383
-0.058678	-0.140574	-0.480604
-0.012302	-0.140100	-0.480608
-0.023896	-0.140219	-0.480607
-0.035490	-0.140337	-0.480606
-0.035490	-0.140337	-0.480606
-0.035490	-0.140337	-0.480606
-0.047084	-0.140455	-0.480605
-0.058678	-0.140574	-0.480604
-0.070272	-0.140692	-0.480603
-0.081986	-0.152521	-0.468494
-0.082104	-0.164239	-0.468502
-0.082104	-0.164239	-0.468502
-0.093698	-0.164357	-0.468501
-0.128362	-0.152994	-0.468490
-0.139839	-0.141386	-0.456365
-0.162790	-0.118186	-0.456347
-0.185979	-0.118415	-0.444228
-0.209168	-0.118643	-0.432110
-0.197811	-0.141962	-0.432127
-0.197811	-0.141962	-0.432127
-0.198047	-0.165398	-0.432143
-0.024372	-0.187076	-0.456406
-0.209642	-0.165508	-0.420025
-0.221237	-0.165619	-0.407908
-0.255784	-0.142529	-0.395773
-0.278853	-0.131047	-0.395763
-0.313401	-0.107950	-0.371511
-0.324878	-0.096342	-0.359385
-0.324759	-0.084624	-0.359377
-0.313283	-0.096232	-0.371503
-0.324877	-0.096350	-0.371502
-0.324996	-0.108060	-0.359393
-0.324996	-0.108060	-0.359393
-0.324996	-0.108060	-0.359393
-0.324996	-0.108060	-0.359393
-0.324996	-0.108060	-0.359393
-0.336590	-0.108178	-0.359392
-0.336472	-0.096460	-0.359384
-0.336353	-0.084742	-0.359376
-0.336353	-0.084742	-0.359376
-0.324758	-0.084632	-0.371494
-0.336353	-0.084742	-0.359376
-0.336353	-0.084742	-0.359376
-0.336234	-0.073032	-0.371485
-0.336234	-0.073032	-0.371485
-0.347711	-0.061424	-0.359359
-0.347592	-0.049705	-0.359351
-0.347592	-0.049705	-0.359351
-0.359068	-0.038105	-0.359342
-0.347237	-0.014550	-0.359327
-0.335524	-0.002722	-0.371437
-0.312216	0.009217	-0.395664
-0.300502	0.021046	-0.407773
-0.312097	0.020935	-0.395656
-0.323573	0.032535	-0.395647
-0.323337	0.055980	-0.383514
-0.311623	0.067801	-0.407740
-0.311387	0.091245	-0.395608
-0.299556	0.114792	-0.407709
-0.276130	0.138457	-0.419811
-0.264418	0.150294	-0.419804
-0.218040	0.150751	-0.444041
-0.183138	0.162817	-0.456153
-0.136879	0.151556	-0.480397
-0.090738	0.128584	-0.492534
-0.056192	0.105495	-0.504669
-0.033122	0.094013	-0.504679
-0.021646	0.082413	-0.504688
0.013136	0.082768	-0.504691
0.048036	0.094841	-0.504686
0.071223	0.095086	-0.492572
0.117718	0.107277	-0.492567
0.152381	0.095922	-0.480462
0.175331	0.072730	-0.468363
0.163146	0.014012	-0.480519
0.163145	0.014020	-0.468402
0.127891	-0.033216	-0.480548
0.127418	-0.080089	-0.480580
0.150486	-0.091563	-0.468473
0.138774	-0.103399	-0.468481
0.138656	-0.115118	-0.468489
0.115113	-0.150509	-0.468511
0.091687	-0.174174	-0.456408
0.080093	-0.174293	-0.456407
0.068381	-0.186129	-0.456414
0.044956	-0.209803	-0.456428
0.033362	-0.209921	-0.456427
0.010174	-0.210158	-0.456425
-0.013014	-0.210394	-0.456423
-0.036084	-0.198913	-0.456413
-0.059391	-0.210859	-0.444303
-0.070866	-0.199268	-0.456410
-0.070629	-0.175831	-0.456394
-0.082223	-0.175949	-0.456393
-0.105649	-0.199614	-0.444291
-0.117362	-0.211443	-0.432182
-0.082579	-0.211096	-0.444301
-0.047440	-0.175602	-0.468513
-0.000827	-0.151700	-0.480617
0.022243	-0.163182	-0.480627
0.022124	-0.174892	-0.468519
0.010412	-0.186729	-0.468526
0.010174	-0.210158	-0.456425
0.033600	-0.186492	-0.468528
0.011361	-0.093007	-0.504811
0.034549	-0.092770	-0.504813
-0.013013	-0.210402	-0.468540
-0.048034	-0.234178	-0.444320
-0.047796	-0.210749	-0.456420
-0.059389	-0.210875	-0.468536
-0.059153	-0.187439	-0.468520
-0.059271	-0.199157	-0.468528
-0.094172	-0.211222	-0.456416
-0.105648	-0.199622	-0.456407
-0.152143	-0.211806	-0.444295
-0.163738	-0.211916	-0.432178
-0.186690	-0.188716	-0.432160
-0.209641	-0.165516	-0.432142
-0.244305	-0.154153	-0.432131
-0.279089	-0.154492	-0.407895
-0.267733	-0.177802	-0.395796
-0.267851	-0.189521	-0.395804
-0.267614	-0.166084	-0.395788
-0.244544	-0.177574	-0.407914
-0.244425	-0.165855	-0.407906
-0.232593	-0.142316	-0.432124
-0.232356	-0.118880	-0.432108
-0.243950	-0.118998	-0.432107
-0.232118	-0.095451	-0.444208
-0.220524	-0.095333	-0.444209
-0.208930	-0.095215	-0.444210
-0.208812	-0.083496	-0.444202
-0.197099	-0.071668	-0.456312
-0.208456	-0.048349	-0.456295
-0.208338	-0.036631	-0.456287
-0.196862	-0.048231	-0.456296
-0.208220	-0.024913	-0.456279
-0.208101	-0.013195	-0.456271
-0.196151	0.022071	-0.468364
-0.161132	0.045854	-0.480467
-0.126113	0.069646	-0.480454
-0.091093	0.093429	-0.492558
-0.056429	0.082066	-0.492569
-0.021647	0.082421	-0.492572
-0.010053	0.082539	-0.492573
0.001896	0.117813	-0.492550
0.013489	0.117939	-0.480434
0.025083	0.118057	-0.480435
0.048271	0.118294	-0.480437
0.059982	0.130138	-0.468314
0.059982	0.130138	-0.468314
0.048623	0.153473	-0.444064
0.037265	0.176799	-0.431930
0.026258	0.235304	-0.383424
0.015136	0.282075	-0.359158
-0.007701	0.317017	-0.322782
-0.018827	0.363820	-0.250051
-0.041783	0.387060	-0.189451
-0.041432	0.422247	-0.140961
-0.052796	0.445613	-0.068245
-0.075869	0.457127	-0.019770
-0.099061	0.456922	0.028698
-0.133969	0.444905	0.113508
-0.157519	0.409578	0.210418
-0.181306	0.350805	0.295195
-0.205091	0.292017	0.355739
-0.217517	0.209903	0.404150
-0.241773	0.104225	0.440429
-0.242365	0.045642	0.452505
-0.231363	-0.012831	0.452464
-0.220479	-0.083023	0.452415
-0.197881	-0.141386	0.440257
-0.186996	-0.211585	0.428091
-0.176460	-0.316987	0.343203
-0.153859	-0.375382	0.282579
-0.154444	-0.434022	0.209841
-0.143081	-0.457388	0.137125
-0.131717	-0.480762	0.052293
-0.131709	-0.480826	-0.044639
-0.119991	-0.469038	-0.117330
-0.119989	-0.469054	-0.141563
-0.119747	-0.445657	-0.202129
-0.119505	-0.422268	-0.274812
-0.107552	-0.387027	-0.323255
-0.072531	-0.363252	-0.347474
-0.060698	-0.339721	-0.383809
-0.048866	-0.316174	-0.395910
-0.037390	-0.327774	-0.395919
-0.037629	-0.351194	-0.371702
-0.060936	-0.363141	-0.359592
-0.084484	-0.398493	-0.299032
-0.119745	-0.445673	-0.226362
-0.143179	-0.469274	-0.117328
-0.131828	-0.492537	-0.032530
-0.108643	-0.492276	0.003817
-0.108641	-0.492292	-0.020416
-0.097046	-0.492182	-0.032533
-0.085451	-0.492071	-0.044650
-0.085450	-0.492079	-0.056767
-0.108518	-0.480614	-0.080990
-0.119990	-0.469046	-0.129447
-0.119990	-0.469046	-0.129447
-0.108517	-0.480622	-0.093106
-0.085453	-0.492055	-0.020418
-0.039201	-0.503252	0.052269
0.030593	-0.479050	0.137094
0.042534	-0.443713	0.234049
0.054595	-0.396673	0.306779
0.043588	-0.338160	0.367402
0.044294	-0.267818	0.415915
0.033642	-0.174158	0.464446
0.034233	-0.115559	0.476603
0.011282	-0.092359	0.476621
0.000043	-0.057322	0.476646
0.011755	-0.045485	0.476653
0.011873	-0.033767	0.476661
0.011755	-0.045485	0.476653
0.035298	-0.010094	0.476675
0.024177	0.036661	0.476708
0.013057	0.083408	0.464624
0.002175	0.153583	0.440440
-0.008943	0.200322	0.416240
0.003006	0.235588	0.404147
-0.008350	0.258898	0.392047
-0.019825	0.270490	0.379940
-0.031180	0.293792	0.355724
-0.042416	0.328805	0.319400
-0.065484	0.340270	0.295177
-0.065245	0.363691	0.270960
-0.076598	0.386969	0.210395
-0.076479	0.398679	0.198286
-0.076356	0.410366	0.149829
-0.087946	0.410215	0.101364
-0.087827	0.421926	0.089255
-0.064643	0.422194	0.137719
-0.064765	0.410508	0.186177
-0.076720	0.375283	0.258853
-0.088674	0.340050	0.319412
-0.089151	0.293208	0.367845
-0.112937	0.234428	0.440506
-0.125360	0.152290	0.452567
-0.137903	0.058441	0.476737
-0.150443	-0.035424	0.476674
-0.139913	-0.140778	0.464485
-0.141210	-0.269719	0.403815
-0.130322	-0.339943	0.355300
-0.131025	-0.410309	0.270437
-0.131605	-0.468988	0.137116
-0.120240	-0.492370	0.040168
-0.143181	-0.469258	-0.093095
-0.165887	-0.422694	-0.202109
-0.177361	-0.411110	-0.226333
-0.177241	-0.399399	-0.238442
-0.165766	-0.410999	-0.238451
-0.165887	-0.422694	-0.202109
-0.200911	-0.446437	-0.129424
-0.200914	-0.446413	-0.093074
-0.189438	-0.458021	-0.105200
-0.154411	-0.434294	-0.202118
-0.166126	-0.446106	-0.165776
-0.200671	-0.423033	-0.177874
-0.235335	-0.411669	-0.177863
-0.246690	-0.388367	-0.202078
-0.258403	-0.400196	-0.189969
-0.269999	-0.400298	-0.165735
-0.269881	-0.388580	-0.165727
-0.293071	-0.388800	-0.141492
-0.316145	-0.377287	-0.093017
-0.327860	-0.389099	-0.056674
-0.316389	-0.400659	0.003899
-0.304798	-0.400517	0.040247
-0.293207	-0.400375	0.076596
-0.293210	-0.400351	0.112945
-0.304570	-0.377008	0.149311
-0.292744	-0.353421	0.197792
-0.292627	-0.341687	0.222033
-0.280918	-0.329827	0.258389
-0.269207	-0.317974	0.282629
-0.257497	-0.306121	0.306869
-0.245786	-0.294277	0.318992
-0.245668	-0.282550	0.331117
-0.245668	-0.282550	0.331117
-0.257262	-0.282669	0.331118
-0.268737	-0.271077	0.319010
-0.280214	-0.259469	0.331136
-0.257262	-0.282669	0.331118
-0.257615	-0.317840	0.306861
-0.212063	-0.399434	0.246219
-0.212410	-0.434653	0.149263
-0.201038	-0.458092	-0.032500
-0.200910	-0.446445	-0.141540
-0.200788	-0.434759	-0.189998
-0.200429	-0.399636	-0.238440
-0.211666	-0.364624	-0.274764
-0.223021	-0.341321	-0.298980
-0.234615	-0.341440	-0.298979
-0.222902	-0.329611	-0.311088
-0.211068	-0.306080	-0.347423
-0.176523	-0.329162	-0.347442
-0.130743	-0.387240	-0.286903
-0.084967	-0.445286	-0.177899
-0.062143	-0.480132	-0.068877
-0.073743	-0.480203	0.003822
-0.027376	-0.479657	0.112866
0.007755	-0.444092	0.197702
0.031176	-0.420394	0.234066
0.066077	-0.408321	0.234071
0.065959	-0.420047	0.221946
0.100859	-0.407966	0.234068
0.159418	-0.348759	0.270452
0.218096	-0.277842	0.294728
0.265417	-0.183606	0.319021
0.254648	-0.101672	0.355428
0.243408	-0.066628	0.367569
0.220454	-0.043412	0.391820
0.209096	-0.020085	0.403953
0.197619	-0.008477	0.416079
0.197738	0.003241	0.416087
0.174667	0.014731	0.428213
0.128170	0.002555	0.452442
0.081557	-0.021347	0.464546
0.011755	-0.045485	0.476653
-0.023382	-0.080995	0.476632
-0.035566	-0.139721	0.452360
-0.047632	-0.186721	0.440212
-0.048221	-0.245336	0.403823
-0.060402	-0.304078	0.355318
-0.049043	-0.327412	0.331068
-0.037801	-0.362473	0.294694
0.008223	-0.397178	0.258317
0.054248	-0.431892	0.209823
0.088797	-0.455006	0.161338
0.111872	-0.466527	0.100746
0.135062	-0.466307	0.076511
0.169847	-0.465976	0.040159
0.181444	-0.465881	0.003809
0.181565	-0.454187	-0.032533
0.181568	-0.454211	-0.068882
0.193283	-0.442390	-0.093108
0.181691	-0.442525	-0.117340
0.181692	-0.442533	-0.129456
0.181811	-0.430822	-0.141565
0.181811	-0.430822	-0.141565
0.216470	-0.442146	-0.080993
0.239885	-0.418393	0.040185
0.240112	-0.394884	0.149249
0.194082	-0.360130	0.258325
0.124867	-0.325637	0.331054
0.078725	-0.302650	0.367423
0.044178	-0.279560	0.379558
0.044531	-0.244390	0.403815
0.033409	-0.197619	0.428081
0.045357	-0.162337	0.440220
0.057069	-0.150501	0.440227
0.068663	-0.150382	0.440226
0.068899	-0.126938	0.452359
0.068545	-0.162101	0.440218
0.056833	-0.173945	0.428095
0.045357	-0.162337	0.440220
0.045357	-0.162337	0.440220
0.010810	-0.139248	0.452356
-0.023499	-0.092722	0.464507
-0.058046	-0.069632	0.476642
-0.057691	-0.034477	0.476666
-0.080525	0.000449	0.488809
-0.091763	0.035478	0.476717
-0.102766	0.093951	0.476758
-0.090816	0.129216	0.464665
-0.090223	0.187800	0.452589
-0.101342	0.234539	0.428389
-0.100985	0.269678	0.404180
-0.100629	0.304824	0.392087
-0.088559	0.351792	0.355769
-0.088320	0.375213	0.331552
-0.088081	0.398633	0.307335
-0.111149	0.410099	0.283112
-0.111029	0.421801	0.258887
-0.110790	0.445222	0.234671
-0.110670	0.456924	0.210446
-0.145571	0.444859	0.222557
-0.203778	0.420831	0.222546
-0.250510	0.385210	0.234642
-0.309074	0.326043	0.258840
-0.344330	0.278823	0.270927
-0.367992	0.231713	0.270897
-0.379823	0.208166	0.282999
-0.391535	0.196322	0.270875
-0.403247	0.184485	0.270868
-0.403247	0.184485	0.270868
-0.403365	0.172767	0.270860
-0.403366	0.172775	0.282977
-0.391536	0.196330	0.282992
-0.367993	0.231721	0.283014
-0.332855	0.267223	0.270919
-0.309312	0.302615	0.270941
-0.285887	0.326288	0.270955
-0.262581	0.338243	0.270961
-0.227681	0.350324	0.283082
-0.204256	0.373997	0.283096
-0.169356	0.386071	0.283101
-0.134336	0.409854	0.270998
-0.087841	0.422038	0.258885
-0.052939	0.434103	0.246774
-0.018038	0.446168	0.234663
0.016864	0.458226	0.210435
0.051646	0.458580	0.210432
0.086550	0.470630	0.174088
0.132929	0.471079	0.137734
0.167713	0.471418	0.113499
0.202378	0.460047	0.101371
0.237043	0.448667	0.077127
0.283184	0.425696	0.064991
0.306137	0.402480	0.040740
0.340685	0.379382	0.016488
0.352043	0.356056	0.004355
0.363638	0.356166	-0.007762
0.375115	0.344558	-0.019888
0.397949	0.309632	-0.032030
0.420902	0.286416	-0.056281
0.432379	0.274808	-0.068406
0.443618	0.239772	-0.068431
0.454859	0.204719	-0.092689
0.465982	0.157948	-0.116955
0.477221	0.122912	-0.116980
0.488578	0.099593	-0.116997
0.488104	0.052728	-0.104913
0.487630	0.005863	-0.092828
0.487275	-0.029292	-0.092852
0.486920	-0.064447	-0.092876
0.475207	-0.076283	-0.092883
0.474970	-0.099712	-0.080783
0.462902	-0.146704	-0.080814
0.450953	-0.181977	-0.080837
0.427292	-0.229087	-0.080867
0.403867	-0.252760	-0.080881
0.368611	-0.299980	-0.068794
0.333473	-0.335482	-0.056698
0.298455	-0.359281	-0.068828
0.240132	-0.395044	-0.093080
0.193640	-0.407252	-0.117317
0.158740	-0.419333	-0.129438
0.112247	-0.431532	-0.141559
0.077464	-0.431879	-0.129439
0.089058	-0.431761	-0.129440
0.135553	-0.419577	-0.141553
0.205473	-0.383721	-0.153651
0.275393	-0.347864	-0.165749
0.322124	-0.312236	-0.165729
0.357261	-0.276726	-0.165708
0.380805	-0.241342	-0.177803
0.404467	-0.194232	-0.177772
0.439840	-0.135286	-0.177735
0.452026	-0.076576	-0.177696
0.475806	-0.017748	-0.177658
0.476278	0.029133	-0.165510
0.476633	0.064288	-0.165486
0.476987	0.099451	-0.153345
0.465984	0.157932	-0.141188
0.443387	0.216287	-0.141146
0.432381	0.274792	-0.092639
0.386476	0.321208	-0.068371
0.340688	0.379350	-0.031977
0.294665	0.414048	-0.007717
0.237048	0.448627	0.016545
0.190908	0.471599	0.028682
0.144647	0.482868	0.065043
0.098389	0.494113	0.065055
0.028823	0.493419	0.089294
-0.017556	0.492969	0.125647
-0.075768	0.468981	0.186218
-0.145570	0.444851	0.210441
-0.203778	0.420831	0.222546
-0.261866	0.408513	0.210426
-0.308477	0.384587	0.186181
-0.378392	0.348690	0.137698
-0.437070	0.277773	0.113422
-0.472442	0.218810	0.089152
-0.496339	0.148256	0.076989
-0.508287	0.112974	0.064850
-0.520114	0.089396	0.028485
-0.520703	0.030780	-0.007904
-0.509934	-0.051154	-0.044310
-0.476097	-0.144561	-0.068610
-0.442025	-0.214516	-0.068661
-0.407834	-0.272753	-0.068704
-0.384882	-0.295961	-0.080838
-0.373406	-0.307561	-0.080847
-0.350454	-0.330768	-0.092982
-0.350455	-0.330760	-0.080865
-0.350573	-0.342479	-0.080873
-0.338980	-0.342352	-0.068758
-0.338981	-0.342344	-0.056641
-0.339100	-0.354055	-0.044533
-0.327624	-0.365655	-0.044542
-0.316149	-0.377255	-0.044551
-0.304555	-0.377136	-0.044552
-0.293078	-0.388744	-0.056677
-0.270008	-0.400226	-0.056687
-0.258536	-0.411794	-0.008230
-0.189451	-0.457909	0.064430
-0.154786	-0.469289	0.040186
-0.154788	-0.469273	0.064419
-0.108530	-0.480518	0.064407
-0.073747	-0.480171	0.052288
-0.027489	-0.491416	0.052276
0.088687	-0.466788	0.064399
0.158370	-0.454368	0.052284
0.228171	-0.430221	0.052295
0.286380	-0.406209	0.028073
0.309807	-0.382552	0.003854
0.344827	-0.358776	-0.020366
0.344948	-0.347074	-0.044591
0.321523	-0.370747	-0.044605
0.333235	-0.358911	-0.044598
0.368254	-0.335119	-0.044585
0.368253	-0.335111	-0.032468
0.356658	-0.335221	-0.020351
0.309808	-0.382560	-0.008262
0.239770	-0.430143	-0.008289
0.158376	-0.454416	-0.020414
0.065387	-0.478799	-0.020422
-0.004296	-0.491219	-0.008308
-0.050673	-0.491684	0.003812
-0.120119	-0.480676	0.003826
-0.189328	-0.446231	0.003856
-0.246944	-0.411660	0.016001
-0.327630	-0.365607	0.028157
-0.350345	-0.318970	0.028191
-0.396132	-0.260836	0.052467
-0.430206	-0.190865	0.076751
-0.441446	-0.155821	0.088893
-0.441095	-0.120634	0.137382
-0.440859	-0.097189	0.149515
-0.440623	-0.073744	0.161647
-0.451979	-0.050442	0.137431
-0.451742	-0.027006	0.137447
-0.451743	-0.026998	0.149564
-0.440268	-0.038590	0.161671
-0.428795	-0.050174	0.185895
-0.429150	-0.085328	0.185871
-0.417676	-0.096912	0.210095
-0.417914	-0.120341	0.222196
-0.406439	-0.131933	0.234303
-0.395081	-0.155251	0.234286
-0.383843	-0.190280	0.246378
-0.383842	-0.190288	0.234261
-0.383724	-0.178570	0.234269
-0.371894	-0.155007	0.246401
-0.371894	-0.155007	0.246401
-0.360419	-0.166607	0.246392
-0.360536	-0.178333	0.234267
-0.372130	-0.178451	0.234268
-0.383839	-0.190312	0.197912
-0.395430	-0.190454	0.161563
-0.406903	-0.178878	0.125223
-0.418496	-0.179005	0.113108
-0.418496	-0.179005	0.113108
-0.395664	-0.213915	0.125198
-0.384309	-0.237217	0.149414
-0.372836	-0.248793	0.185754
-0.349886	-0.271985	0.197853
-0.327052	-0.306903	0.197827
-0.292625	-0.341703	0.197800
-0.235128	-0.387985	0.197763
-0.177514	-0.422540	0.209851
-0.119781	-0.445385	0.209830
-0.061812	-0.444785	0.221941
-0.026913	-0.432696	0.246179
-0.049984	-0.421207	0.258306
-0.072939	-0.397975	0.306789
-0.118845	-0.351551	0.343175
-0.188290	-0.340550	0.331072
-0.269326	-0.329692	0.282621
-0.338414	-0.283553	0.246310
-0.407501	-0.237422	0.197882
-0.441570	-0.167491	0.161583
-0.475404	-0.074107	0.149534
-0.474814	-0.015508	0.161690
-0.462393	0.066647	0.173862
-0.426783	0.149038	0.186031
-0.367868	0.243392	0.210323
-0.297477	0.326138	0.222490
-0.250627	0.373476	0.210401
-0.180709	0.409349	0.222536
-0.110788	0.445206	0.210438
-0.040986	0.469336	0.186215
0.028819	0.493451	0.137759
0.109979	0.494263	0.113520
0.225566	0.460283	0.101369
0.306252	0.414230	0.089214
0.352153	0.367838	0.101295
0.397938	0.309720	0.101251
0.432129	0.251476	0.089091
0.466319	0.193247	0.101165
0.477441	0.146484	0.089015
0.488799	0.123158	0.076882
0.488917	0.134876	0.076890
0.477560	0.158195	0.076907
0.454844	0.204839	0.089057
0.432129	0.251476	0.089091
0.409416	0.298104	0.077009
0.375225	0.356341	0.077052
0.317848	0.414333	0.064980
0.237164	0.460370	0.052903
0.156360	0.494696	0.052933
0.075440	0.517297	0.040840
-0.017313	0.516358	0.052964
-0.110184	0.503693	0.052964
-0.203293	0.467608	0.077181
-0.296637	0.408070	0.077149
-0.366912	0.337058	0.089223
-0.413998	0.266275	0.089179
-0.461319	0.172039	0.064886
-0.496928	0.089648	0.052716
-0.497872	-0.004122	0.016303
-0.487104	-0.086048	-0.007987
-0.476101	-0.144529	-0.020144
-0.453622	-0.214610	-0.032311
-0.407955	-0.284447	-0.032363
-0.373528	-0.319247	-0.032390
-0.339225	-0.365717	0.040274
-0.293087	-0.388672	0.052371
-0.247067	-0.423346	0.064459
-0.189332	-0.446199	0.052322
-0.120005	-0.468926	0.052300
-0.038965	-0.479816	0.052285
0.030598	-0.479090	0.076512
0.111874	-0.466543	0.076513
0.181675	-0.442397	0.076523
0.263188	-0.406414	0.076541
0.309919	-0.370785	0.076561
0.321630	-0.358941	0.088684
0.321631	-0.358949	0.076568
0.309920	-0.370793	0.064444
0.263307	-0.394703	0.064432
0.204983	-0.430458	0.052297
0.135066	-0.466339	0.028046
0.065382	-0.478751	0.052276
-0.027371	-0.479697	0.052284
-0.131599	-0.469044	0.052301
-0.212401	-0.434725	0.040215
-0.270132	-0.411896	0.016003
-0.316034	-0.365504	0.003923
-0.362055	-0.330823	0.003951
-0.396247	-0.272578	0.016110
-0.419082	-0.237644	0.040369
-0.441801	-0.190975	0.088869
-0.441330	-0.144078	0.125250
-0.441097	-0.120618	0.161615
-0.429270	-0.097031	0.210096
-0.405849	-0.073325	0.258576
-0.370834	-0.049502	0.307055
-0.324462	-0.048997	0.355517
-0.266378	-0.036655	0.403985
-0.208292	-0.024321	0.440338
-0.162272	-0.058994	0.452426
-0.127372	-0.046913	0.464548
-0.092710	-0.058269	0.476653
-0.068813	0.012286	0.488816
-0.045506	0.024241	0.488822
-0.022318	0.024477	0.488820
0.012464	0.024832	0.488817
0.047364	0.036906	0.488822
0.082146	0.037261	0.488819
0.116929	0.037608	0.476700
0.140000	0.026118	0.464573
0.174782	0.026473	0.464570
0.209447	0.015102	0.452443
0.232636	0.015330	0.440325
0.243994	-0.007996	0.428191
0.267065	-0.019486	0.416065
0.266710	-0.054641	0.416041
0.278187	-0.066249	0.403915
0.301139	-0.089457	0.391781
0.312616	-0.101065	0.379656
0.324093	-0.112673	0.367530
0.323974	-0.124391	0.367522
0.312498	-0.112783	0.379648
0.289782	-0.066138	0.391798
0.278659	-0.019367	0.416064
0.279132	0.027506	0.416096
0.279725	0.086089	0.404019
0.267894	0.062534	0.404004
0.256774	0.109289	0.404037
0.245535	0.144326	0.404062
0.257604	0.191301	0.379860
0.258080	0.238151	0.343543
0.269913	0.261689	0.319325
0.270151	0.285110	0.295108
0.270390	0.308531	0.270892
0.270509	0.320241	0.258783
0.270748	0.343662	0.234566
0.270867	0.355372	0.222458
0.282582	0.367184	0.186115
0.294179	0.367279	0.149765
0.294417	0.390707	0.137665
0.282943	0.402291	0.113441
0.282944	0.402283	0.101324
0.317490	0.379202	0.101305
0.328965	0.367602	0.101296
0.340442	0.355994	0.089171
0.340563	0.367688	0.052830
0.340562	0.367696	0.064946
0.352037	0.356104	0.077054
0.351918	0.344394	0.089162
0.340439	0.356018	0.125520
0.294177	0.367295	0.173998
0.259392	0.366964	0.210350
0.247916	0.378572	0.222476
0.224846	0.390053	0.222486
0.201776	0.401535	0.222496
0.190181	0.401425	0.234613
0.166993	0.401188	0.234615
0.155516	0.412796	0.246740
0.143922	0.412678	0.246741
0.132329	0.412552	0.234626
0.120734	0.412441	0.246743
0.097545	0.412213	0.258862
0.086071	0.423805	0.246754
0.074596	0.435397	0.234647
0.063003	0.435270	0.222531
0.051409	0.435152	0.222532
0.039933	0.446752	0.222541
0.028340	0.446626	0.210426
0.016746	0.446507	0.210427
0.005153	0.446381	0.198311
0.005272	0.458091	0.186203
0.005272	0.458091	0.186203
0.040055	0.458438	0.174084
0.086432	0.458903	0.161963
0.109620	0.459140	0.161961
0.155880	0.447879	0.137717
0.178950	0.436397	0.137707
0.213732	0.436752	0.137704
0.236803	0.425263	0.125577
0.259872	0.413781	0.125567
0.271348	0.402181	0.125558
0.294419	0.390691	0.113432
0.317489	0.379210	0.113422
0.340560	0.367712	0.089179
0.340561	0.367704	0.077063
0.328967	0.367586	0.077064
0.340560	0.367712	0.089179
0.340559	0.367720	0.101296
0.340441	0.356002	0.101288
0.340561	0.367704	0.077063
0.317611	0.390896	0.064964
0.271591	0.425570	0.052876
0.225451	0.448533	0.052896
0.190908	0.471599	0.028682
0.167719	0.471370	0.040800
0.144648	0.482860	0.052926
0.133053	0.482749	0.065044
0.109865	0.482513	0.065046
0.086558	0.470566	0.077156
0.063488	0.482047	0.077166
0.040180	0.470100	0.089277
0.016990	0.469880	0.113511
-0.017913	0.457831	0.149856
-0.029749	0.434324	0.222539
-0.053177	0.410674	0.258875
-0.099910	0.375062	0.283087
-0.169592	0.362626	0.270969
-0.227798	0.338598	0.270958
-0.262698	0.326517	0.258836
-0.309310	0.302599	0.246708
-0.344325	0.278783	0.210345
-0.379580	0.231547	0.198200
-0.391173	0.231421	0.186084
-0.402884	0.219576	0.173961
-0.414717	0.196037	0.198179
-0.403480	0.161017	0.222387
-0.392007	0.149441	0.258727
-0.380415	0.149575	0.282959
-0.357585	0.114681	0.319282
-0.334518	0.103223	0.355622
-0.311450	0.091757	0.379845
-0.299975	0.080165	0.391952
-0.300331	0.045018	0.404044
-0.300568	0.021582	0.404028
-0.324110	-0.013818	0.391890
-0.324582	-0.060699	0.379741
-0.336648	-0.107706	0.355478
-0.337003	-0.142861	0.355454
-0.314288	-0.189498	0.355420
-0.302811	-0.201106	0.343294
-0.303048	-0.224543	0.343278
-0.280096	-0.247742	0.343260
-0.245552	-0.270816	0.355358
-0.211124	-0.305624	0.343214
-0.165103	-0.340306	0.343186
-0.130438	-0.351677	0.331059
-0.107368	-0.363159	0.331049
-0.072704	-0.374522	0.331038
-0.061110	-0.374404	0.331037
-0.038040	-0.385893	0.318911
-0.003140	-0.373812	0.331032
0.008454	-0.373694	0.331031
0.043353	-0.361613	0.343153
0.112918	-0.360911	0.331030
0.159532	-0.337009	0.318926
0.217622	-0.324707	0.306813
0.229100	-0.336331	0.270454
0.252407	-0.324376	0.270461
0.252406	-0.324368	0.282577
0.252289	-0.336102	0.258336
0.275362	-0.347608	0.221977
0.251823	-0.383031	0.173489
0.263417	-0.382913	0.173488
0.275129	-0.371076	0.173495
0.286724	-0.370966	0.161378
0.298437	-0.359129	0.161385
0.321745	-0.347191	0.137158
0.345053	-0.335252	0.112931
0.380073	-0.311468	0.100828
0.391903	-0.287905	0.112959
0.427158	-0.240677	0.112988
0.451056	-0.170131	0.113034
0.463120	-0.123115	0.149414
0.463828	-0.052789	0.173695
0.452706	-0.006018	0.197961
0.441584	0.040745	0.210111
0.441938	0.075907	0.222251
0.430579	0.099234	0.234385
0.396388	0.157478	0.246544
0.385149	0.192515	0.246569
0.328006	0.273959	0.258746
0.293460	0.297049	0.270882
0.293341	0.285331	0.270874
0.316411	0.273849	0.270864
0.350840	0.239033	0.246604
0.396864	0.204327	0.210227
0.431295	0.169496	0.161734
0.442655	0.146161	0.137484
0.454013	0.122835	0.125351
0.465489	0.111235	0.125342
0.465371	0.099509	0.113217
0.465489	0.111235	0.125342
0.442655	0.146161	0.137484
0.431296	0.169488	0.149617
0.408343	0.192704	0.173868
0.385509	0.227630	0.186011
0.385746	0.251058	0.173910
0.362794	0.274266	0.186045
0.362913	0.285977	0.173936
0.340080	0.320895	0.173962
0.328605	0.332487	0.161855
0.305774	0.367389	0.137648
0.282702	0.378895	0.174007
0.259511	0.378682	0.210358
0.224727	0.378343	0.234594
0.189822	0.366302	0.283055
0.166633	0.366073	0.295173
0.178227	0.366192	0.295172
0.236320	0.378470	0.246710
0.294176	0.367303	0.186115
0.351795	0.332708	0.137620
0.409418	0.298088	0.052776
0.443730	0.251538	0.004275
0.466448	0.204877	-0.032108
0.489045	0.146515	-0.044267
0.488571	0.099649	-0.032182
0.499810	0.064613	-0.032207
0.499574	0.041176	-0.032223
0.499575	0.041168	-0.044339
0.487984	0.041018	-0.092804
0.487870	0.029268	-0.141278
0.476161	0.017407	-0.177634
0.452857	0.005428	-0.213990
0.429790	0.016886	-0.250329
0.395012	0.016499	-0.298792
0.371708	0.004528	-0.323031
0.348640	0.015993	-0.347254
0.313742	0.003904	-0.371492
0.278961	0.003533	-0.395722
0.244300	0.014881	-0.419944
0.221113	0.014636	-0.432058
0.186331	0.014273	-0.444172
0.151669	0.025628	-0.456277
0.128599	0.037110	-0.456267
0.128835	0.060555	-0.444135
0.152495	0.107672	-0.431988
0.164442	0.142962	-0.407732
0.176390	0.178243	-0.395593
0.188220	0.201806	-0.383461
0.188455	0.225250	-0.371329
0.200284	0.248821	-0.347081
0.211995	0.260666	-0.334958
0.211995	0.260666	-0.334958
0.223707	0.272510	-0.322834
0.235771	0.319526	-0.286454
0.235887	0.331268	-0.250096
0.236003	0.343003	-0.225856
0.247714	0.354847	-0.213732
0.236119	0.354737	-0.201615
0.236002	0.343011	-0.213739
0.235767	0.319558	-0.237988
0.235533	0.296105	-0.262237
0.246892	0.272771	-0.286487
0.269726	0.237845	-0.298629
0.281084	0.214519	-0.310763
0.280849	0.191074	-0.322895
0.280612	0.167637	-0.322911
0.280730	0.179356	-0.322903
0.257897	0.214274	-0.322877
0.234946	0.237474	-0.322859
0.235063	0.249200	-0.310735
0.223706	0.272518	-0.310718
0.212229	0.284126	-0.298592
0.200753	0.295726	-0.298583
0.189160	0.295600	-0.310699
0.189042	0.283882	-0.310707
0.188924	0.272164	-0.310715
0.177447	0.283772	-0.298589
0.165971	0.295371	-0.298580
0.154495	0.306979	-0.286455
0.143019	0.318579	-0.286446
0.143137	0.330298	-0.286438
0.131543	0.330179	-0.286437
0.119948	0.330069	-0.274320
0.108473	0.341669	-0.274311
0.097114	0.364995	-0.262177
0.085637	0.376603	-0.250052
0.074278	0.399938	-0.225802
0.062920	0.423264	-0.213668
0.051325	0.423154	-0.201551
0.039848	0.434762	-0.189426
0.028136	0.422925	-0.189433
0.027901	0.399472	-0.213681
0.050854	0.376256	-0.237932
0.062213	0.352930	-0.250066
0.073572	0.329596	-0.274316
0.085050	0.317980	-0.298557
0.084932	0.306254	-0.310682
0.084815	0.294527	-0.322806
0.084699	0.282793	-0.347047
0.096175	0.271185	-0.359173
0.107535	0.247851	-0.383422
0.107299	0.224406	-0.395555
0.107063	0.200961	-0.407687
0.106828	0.177517	-0.419820
0.118186	0.154191	-0.431953
0.141020	0.119264	-0.444096
0.187041	0.084583	-0.444124
0.198280	0.049546	-0.444149
0.186450	0.025991	-0.444164
0.174738	0.014147	-0.456287
0.174620	0.002428	-0.456295
0.163263	0.025747	-0.456278
0.128954	0.072265	-0.456243
0.094762	0.130509	-0.444084
0.060571	0.188754	-0.431924
0.026143	0.223562	-0.419781
0.003308	0.258496	-0.395522
-0.008170	0.270112	-0.371280
-0.019647	0.281720	-0.359155
-0.019411	0.305165	-0.347022
-0.030888	0.316773	-0.334897
-0.042482	0.316654	-0.334896
-0.030769	0.328491	-0.334889
-0.065317	0.351589	-0.310637
-0.053487	0.375152	-0.298506
-0.065199	0.363315	-0.298513
-0.065199	0.363315	-0.298513
-0.065317	0.351589	-0.310637
-0.065434	0.339862	-0.322762
-0.077144	0.328010	-0.347001
-0.065786	0.304683	-0.359135
-0.031239	0.281586	-0.383387
0.003191	0.246762	-0.419763
0.026026	0.211836	-0.431905
0.048978	0.188628	-0.444040
0.060336	0.165301	-0.456173
0.094882	0.142220	-0.456192
0.106239	0.118901	-0.456209
0.117715	0.107301	-0.456218
0.129191	0.095701	-0.456227
0.152378	0.095946	-0.444113
0.198754	0.096419	-0.444117
0.233298	0.073346	-0.432019
0.267960	0.061998	-0.407797
0.279317	0.038680	-0.407814
0.290556	0.003644	-0.407839
0.290556	0.003644	-0.407839
0.290438	-0.008075	-0.407847
0.301795	-0.031385	-0.395748
0.313152	-0.054703	-0.395765
0.313270	-0.042985	-0.395757
0.290320	-0.019793	-0.407855
0.255895	0.014991	-0.432061
0.232944	0.038183	-0.444159
0.198400	0.061256	-0.456257
0.175213	0.061012	-0.468371
0.163500	0.049175	-0.468378
0.128838	0.060531	-0.480484
0.105649	0.060294	-0.480482
0.093937	0.048457	-0.480489
0.093582	0.013302	-0.480513
0.104940	-0.010016	-0.480530
0.116534	-0.009898	-0.480531
0.151196	-0.021253	-0.468425
0.174266	-0.032735	-0.468435
0.185623	-0.056045	-0.456336
0.208573	-0.079237	-0.444238
0.208573	-0.079237	-0.444238
0.208335	-0.102665	-0.432137
0.219811	-0.114265	-0.432146
0.231286	-0.125857	-0.420039
0.231286	-0.125857	-0.420039
0.219692	-0.125976	-0.420038
0.219692	-0.125976	-0.420038
0.196505	-0.126220	-0.432152
0.184792	-0.138057	-0.432159
0.161605	-0.138302	-0.444274
0.149893	-0.150138	-0.444281
0.126823	-0.138657	-0.444271
0.126823	-0.138657	-0.444271
0.103518	-0.150620	-0.456393
0.103636	-0.138901	-0.456385
0.092042	-0.139020	-0.456384
0.080567	-0.127428	-0.468492
0.069092	-0.115828	-0.468483
0.045904	-0.116064	-0.468481
0.022835	-0.104591	-0.480587
0.011241	-0.104709	-0.480586
-0.000353	-0.104827	-0.480585
-0.011829	-0.093227	-0.480576
-0.011592	-0.069791	-0.480560
-0.023068	-0.058191	-0.480551
-0.034543	-0.046599	-0.492659
-0.046138	-0.046709	-0.480541
-0.046256	-0.058427	-0.480549
-0.069326	-0.046946	-0.480539
-0.080802	-0.035346	-0.480530
-0.092277	-0.023746	-0.480521
-0.092041	-0.000309	-0.480505
-0.103516	0.011291	-0.480496
-0.114874	0.034609	-0.480479
-0.126232	0.057935	-0.468346
-0.137708	0.069535	-0.468337
-0.149184	0.081143	-0.456212
-0.149184	0.081143	-0.456212
-0.149066	0.092862	-0.456204
-0.148948	0.104580	-0.456196
-0.160425	0.116188	-0.444070
-0.172019	0.116070	-0.444069
-0.195089	0.127559	-0.431943
-0.218397	0.115612	-0.419832
-0.218278	0.127331	-0.419824
-0.218160	0.139049	-0.419816
-0.206448	0.150886	-0.419809
-0.229637	0.150657	-0.407691
-0.252826	0.150428	-0.395573
-0.264421	0.150318	-0.383455
-0.276015	0.150200	-0.383454
-0.287491	0.161808	-0.371329
-0.287373	0.173526	-0.371321
-0.298968	0.173416	-0.359203
-0.310446	0.185032	-0.334961
-0.322158	0.173195	-0.334968
-0.322158	0.173195	-0.334968
-0.333753	0.173085	-0.322851
-0.333634	0.184795	-0.334959
-0.333634	0.184795	-0.334959
-0.345112	0.196411	-0.310718
-0.356706	0.196293	-0.310717
-0.356587	0.208011	-0.310709
-0.344757	0.231566	-0.310694
-0.286548	0.255578	-0.334915
-0.205032	0.291537	-0.371248
-0.158537	0.303729	-0.371244
-0.147061	0.292121	-0.383369
-0.135348	0.303957	-0.383362
-0.112042	0.315912	-0.383356
-0.100566	0.304312	-0.383365
-0.100802	0.280868	-0.395497
-0.112749	0.245579	-0.419753
-0.124580	0.222024	-0.419768
-0.136174	0.221905	-0.419767
-0.136409	0.198461	-0.431900
-0.148239	0.174898	-0.444031
-0.148476	0.151461	-0.444047
-0.171900	0.127788	-0.444061
-0.195326	0.104123	-0.431959
-0.195208	0.115841	-0.431951
-0.195208	0.115841	-0.431951
-0.195089	0.127559	-0.431943
-0.194972	0.139286	-0.419818
-0.194972	0.139286	-0.419818
-0.182905	0.186277	-0.419787
-0.170957	0.221558	-0.407648
-0.159009	0.256840	-0.395508
-0.135348	0.303957	-0.383362
-0.123637	0.315802	-0.371238
-0.123520	0.327528	-0.359114
-0.123520	0.327528	-0.359114
-0.135231	0.315684	-0.371237
-0.123520	0.327528	-0.359114
-0.123401	0.339247	-0.359106
-0.134995	0.339128	-0.359105
-0.146826	0.315573	-0.359120
-0.146825	0.315565	-0.371236
-0.146826	0.315573	-0.359120
-0.146590	0.339018	-0.346988
-0.169778	0.338781	-0.346986
-0.158183	0.338892	-0.359103
-0.158183	0.338892	-0.359103
-0.135113	0.327402	-0.371229
-0.111924	0.327631	-0.383348
-0.112042	0.315912	-0.383356
-0.111924	0.327631	-0.383348
-0.077141	0.327986	-0.383351
-0.053837	0.339957	-0.359112
-0.042243	0.340075	-0.359113
-0.042126	0.351801	-0.346988
-0.030532	0.351920	-0.346989
0.004131	0.340564	-0.334884
0.038912	0.340927	-0.322770
0.050506	0.341045	-0.322771
0.073577	0.329556	-0.334898
0.096528	0.306356	-0.334916
0.108005	0.294748	-0.347041
0.130839	0.259822	-0.359184
0.142316	0.248214	-0.371309
0.165386	0.236732	-0.371319
0.165268	0.225006	-0.383443
0.176626	0.201687	-0.383460
0.187984	0.178361	-0.395594
0.176154	0.154798	-0.407725
0.199224	0.143317	-0.407735
0.210700	0.131717	-0.407744
0.210700	0.131717	-0.407744
0.210581	0.119998	-0.407752
0.210464	0.108272	-0.419877
0.210227	0.084835	-0.419893
0.198515	0.072999	-0.419900
0.198515	0.072999	-0.419900
0.175210	0.061036	-0.432022
0.163617	0.060909	-0.444138
0.140547	0.072391	-0.444128
0.117359	0.072155	-0.444126
0.094171	0.071918	-0.444124
0.071102	0.083392	-0.456230
0.059626	0.094992	-0.456221
0.036438	0.094755	-0.456219
0.025080	0.118081	-0.444086
0.013604	0.129681	-0.444077
0.013723	0.141399	-0.444069
0.060335	0.165309	-0.444057
0.106947	0.189227	-0.431928
0.153321	0.189716	-0.407699
0.176627	0.201679	-0.395577
0.199814	0.201924	-0.383462
0.223001	0.202169	-0.371348
0.234594	0.202295	-0.359232
0.269376	0.202650	-0.359235
0.280851	0.191058	-0.347128
0.303919	0.179584	-0.335021
0.315394	0.167992	-0.322914
0.315394	0.167992	-0.322914
0.326870	0.156392	-0.322923
0.338346	0.144792	-0.322932
0.349820	0.133200	-0.310824
0.349820	0.133200	-0.310824
0.361295	0.121608	-0.298717
0.361295	0.121608	-0.298717
0.372770	0.110016	-0.286610
0.372770	0.110016	-0.286610
0.372651	0.098298	-0.286618
0.372651	0.098298	-0.286618
0.372533	0.086580	-0.286626
0.384009	0.074980	-0.286634
0.384009	0.074980	-0.286634
0.383890	0.063270	-0.274526
0.395483	0.063396	-0.262411
0.395483	0.063396	-0.262411
0.406957	0.051804	-0.250303
0.406957	0.051804	-0.250303
0.418432	0.040212	-0.238196
0.418431	0.040220	-0.226079
0.418431	0.040220	-0.226079
0.418431	0.040220	-0.226079
0.429906	0.028628	-0.213972
0.429906	0.028628	-0.213972
0.441498	0.028762	-0.189740
0.441380	0.017044	-0.189748
0.441142	-0.006385	-0.177647
0.441023	-0.018095	-0.165539
0.452497	-0.029687	-0.153432
0.452497	-0.029687	-0.153432
0.452496	-0.029679	-0.141315
0.452496	-0.029679	-0.141315
0.464089	-0.029553	-0.129200
0.464207	-0.017826	-0.117075
0.452851	0.005476	-0.141291
0.453207	0.040623	-0.153384
0.453444	0.064059	-0.153368
0.453562	0.075778	-0.153360
0.453562	0.075778	-0.153360
0.453681	0.087496	-0.153352
0.453799	0.099214	-0.153344
0.442205	0.099096	-0.153343
0.419257	0.122264	-0.201790
0.384716	0.145314	-0.250237
0.338581	0.168237	-0.310799
0.269139	0.179213	-0.359251
0.211525	0.213769	-0.371339
0.153675	0.224879	-0.395559
0.142200	0.236479	-0.395550
0.130959	0.271524	-0.383408
0.119719	0.306569	-0.371267
0.120072	0.341739	-0.347010
0.131900	0.365318	-0.310646
0.178274	0.365808	-0.286417
0.224531	0.354571	-0.274312
0.259078	0.331481	-0.286448
0.281677	0.273102	-0.322839
0.304275	0.214731	-0.347114
0.303922	0.179560	-0.371371
0.315044	0.132797	-0.383520
0.326283	0.097761	-0.383545
0.325928	0.062606	-0.383569
0.348760	0.027696	-0.371479
0.360117	0.004385	-0.359379
0.371591	-0.007207	-0.347272
0.383066	-0.018799	-0.335164
0.394421	-0.042093	-0.298832
0.405896	-0.053693	-0.298841
0.405777	-0.065403	-0.286732
0.417252	-0.076995	-0.274625
0.417370	-0.065277	-0.274617
0.417369	-0.065269	-0.262501
0.417370	-0.065277	-0.274617
0.417607	-0.041840	-0.274601
0.417843	-0.018404	-0.274585
0.418080	0.005033	-0.274569
0.417962	-0.006685	-0.274577
0.417962	-0.006685	-0.274577
0.417962	-0.006685	-0.274577
0.406014	-0.041966	-0.286716
0.405777	-0.065403	-0.286732
0.405777	-0.065403	-0.286732
0.405776	-0.065395	-0.274616
0.405776	-0.065395	-0.274616
0.405776	-0.065395	-0.274616
0.405776	-0.065395	-0.274616
0.405776	-0.065395	-0.274616
0.405776	-0.065395	-0.274616
0.417607	-0.041840	-0.274601
0.417842	-0.018396	-0.262469
0.417962	-0.006685	-0.274577
0.417962	-0.006685	-0.274577
0.417962	-0.006685	-0.274577
0.406487	0.004907	-0.286684
0.406843	0.040054	-0.298777
0.395132	0.028209	-0.310900
0.383657	0.039801	-0.323008
0.371945	0.027956	-0.335131
0.360352	0.027830	-0.347247
0.360589	0.051267	-0.347231
0.349233	0.074577	-0.359330
0.337994	0.109613	-0.359305
0.326518	0.121213	-0.359296
0.315043	0.132805	-0.371404
0.303686	0.156124	-0.371387
0.269023	0.167479	-0.383492
0.269141	0.179197	-0.383484
0.257547	0.179079	-0.383483
0.246072	0.190679	-0.383474
0.246072	0.190679	-0.383474
0.246190	0.202397	-0.383466
0.246308	0.214116	-0.383458
0.246190	0.202397	-0.383466
0.246190	0.202397	-0.383466
0.246073	0.190671	-0.395591
0.246073	0.190671	-0.395591
0.234597	0.202271	-0.395582
0.200287	0.248797	-0.383430
0.165977	0.295323	-0.371279
0.154619	0.318650	-0.359146
0.131785	0.353576	-0.347003
0.131902	0.365302	-0.334879
0.132019	0.377029	-0.322754
0.132019	0.377029	-0.322754
0.132019	0.377029	-0.322754
0.132019	0.377029	-0.322754
0.132019	0.377029	-0.322754
0.108950	0.388510	-0.322744
0.074522	0.423318	-0.310601
0.051567	0.446542	-0.274234
0.017019	0.469648	-0.237865
-0.006052	0.481137	-0.225739
-0.040834	0.480783	-0.225736
-0.052427	0.480656	-0.237851
-0.052544	0.468930	-0.249976
-0.087326	0.468575	-0.249973
-0.110514	0.468330	-0.262087
-0.122224	0.456478	-0.286327
-0.122342	0.444759	-0.286335
-0.133819	0.456367	-0.274210
-0.156891	0.467865	-0.249967
-0.168369	0.479489	-0.213609
-0.179847	0.491105	-0.189367
-0.191443	0.491003	-0.165133
-0.203039	0.490900	-0.140899
-0.226348	0.478969	-0.104556
-0.272849	0.466826	-0.031861
-0.296279	0.443201	0.040823
-0.307995	0.431396	0.089282
-0.296524	0.419828	0.137739
-0.296764	0.396423	0.186188
-0.285291	0.384847	0.222529
-0.273819	0.373271	0.258869
-0.250870	0.350095	0.295201
-0.227685	0.350356	0.331548
-0.216210	0.338764	0.343655
-0.216448	0.315336	0.355756
-0.205212	0.280323	0.392080
-0.182262	0.257139	0.416295
-0.170907	0.233837	0.440511
-0.124769	0.210889	0.464724
-0.102175	0.152551	0.488915
-0.090818	0.129240	0.501014
-0.079579	0.094204	0.500989
-0.079935	0.059057	0.513082
-0.069288	-0.034571	0.513017
-0.046454	-0.069498	0.500874
-0.012262	-0.127742	0.488715
0.033524	-0.185876	0.464438
0.079547	-0.220574	0.440177
0.102854	-0.208619	0.440183
0.149231	-0.208154	0.428063
0.218798	-0.207468	0.391708
0.277361	-0.148293	0.379627
0.335688	-0.112562	0.355413
0.382304	-0.088684	0.306959
0.417444	-0.053198	0.270631
0.440989	-0.017823	0.246420
0.452822	0.005716	0.222202
0.464418	0.005818	0.197968
0.464301	-0.005908	0.185844
0.475778	-0.017524	0.161602
0.475661	-0.029250	0.149478
0.464065	-0.029353	0.173711
0.440991	-0.017839	0.222187
0.394490	-0.029975	0.306998
0.336514	-0.030518	0.379702
0.266946	-0.031196	0.428173
0.197260	-0.043600	0.464520
0.127694	-0.044294	0.488759
0.058011	-0.056714	0.500874
-0.023384	-0.080979	0.500864
-0.081590	-0.105015	0.488737
-0.116726	-0.140533	0.476599
-0.128674	-0.175815	0.464460
-0.140504	-0.199377	0.452328
-0.152333	-0.222940	0.440197
-0.164280	-0.258230	0.415941
-0.153039	-0.293282	0.391683
-0.141798	-0.328335	0.367425
-0.141915	-0.340069	0.343184
-0.130438	-0.351677	0.331059
-0.130555	-0.363403	0.318935
-0.118961	-0.363285	0.318934
-0.107367	-0.363167	0.318933
-0.130555	-0.363403	0.318935
-0.130204	-0.328216	0.367424
-0.141563	-0.304890	0.379558
-0.153037	-0.293298	0.367450
-0.164514	-0.281690	0.379576
-0.175991	-0.270082	0.391701
-0.187466	-0.258482	0.391710
-0.210653	-0.258735	0.367479
-0.233959	-0.270690	0.367473
-0.257146	-0.270934	0.355359
-0.245551	-0.270824	0.343241
-0.222600	-0.294024	0.343223
-0.211125	-0.305616	0.355331
-0.210182	-0.211838	0.403861
-0.233958	-0.270698	0.355357
-0.187349	-0.246756	0.403835
-0.094127	-0.198912	0.440208
-0.035922	-0.174868	0.464452
-0.001140	-0.174513	0.464449
0.033642	-0.174158	0.464446
0.033524	-0.185876	0.464438
0.045001	-0.197484	0.452313
0.033289	-0.209329	0.440189
0.021460	-0.232892	0.428058
-0.001964	-0.256573	0.415927
-0.037100	-0.292091	0.403790
-0.060404	-0.304062	0.379551
-0.072117	-0.315899	0.379544
-0.083710	-0.316025	0.367428
-0.118609	-0.328106	0.355307
-0.141914	-0.340077	0.331068
-0.153742	-0.363648	0.306820
-0.177046	-0.375627	0.270465
-0.188874	-0.399206	0.234100
-0.188989	-0.410948	0.197743
-0.200582	-0.411074	0.185628
-0.200584	-0.411058	0.209861
-0.177162	-0.387361	0.246224
-0.153859	-0.375382	0.282579
-0.118843	-0.351567	0.318942
-0.107133	-0.339714	0.343182
-0.095421	-0.327869	0.355305
-0.083710	-0.316025	0.367428
-0.083592	-0.304299	0.379553
-0.083357	-0.280854	0.391685
-0.083121	-0.257409	0.403818
-0.094482	-0.234067	0.440184
-0.082532	-0.198802	0.428091
-0.082413	-0.187084	0.428099
-0.082296	-0.175357	0.440223
-0.082178	-0.163639	0.440231
-0.070584	-0.163521	0.440230
-0.070466	-0.151794	0.452355
-0.070348	-0.140076	0.452363
-0.070348	-0.140076	0.452363
-0.070231	-0.128350	0.464487
-0.081825	-0.128468	0.464488
-0.093419	-0.128586	0.464489
-0.093536	-0.140313	0.452365
-0.116960	-0.163994	0.440234
-0.140383	-0.187675	0.428104
-0.151505	-0.140912	0.440253
-0.185932	-0.106112	0.440280
-0.208647	-0.059476	0.440314
-0.207938	0.010842	0.452478
-0.160498	0.116788	0.464663
-0.102292	0.140824	0.476790
-0.067155	0.176334	0.476811
-0.032491	0.164971	0.476801
0.036835	0.142252	0.488895
0.059905	0.130770	0.488885
0.047482	0.048632	0.500947
0.093149	-0.021213	0.488778
0.104625	-0.032813	0.488769
0.150648	-0.067510	0.464508
0.150294	-0.102673	0.452368
0.126986	-0.114620	0.464478
0.115157	-0.138183	0.452347
0.115039	-0.149909	0.440222
0.079902	-0.185419	0.440201
0.009514	-0.268189	0.391686
-0.037333	-0.315560	0.355308
-0.084060	-0.351220	0.306822
-0.130669	-0.375162	0.258344
-0.119309	-0.398496	0.234095
-0.119426	-0.410230	0.209854
-0.096355	-0.421720	0.197727
-0.073401	-0.444944	0.161360
-0.050444	-0.468184	0.100760
-0.038964	-0.479824	0.040169
-0.038962	-0.479840	0.015936
-0.015889	-0.491345	-0.020423
0.007301	-0.491125	-0.044658
-0.004292	-0.491251	-0.056774
-0.015767	-0.479659	-0.068881
-0.027358	-0.479801	-0.105230
-0.015522	-0.456287	-0.165797
-0.015400	-0.444600	-0.214255
0.008028	-0.420959	-0.262706
0.043408	-0.362061	-0.335368
0.078666	-0.314856	-0.371688
0.102092	-0.291191	-0.383790
0.125398	-0.279236	-0.383784
0.137112	-0.267408	-0.395894
0.160418	-0.255453	-0.395888
0.172130	-0.243616	-0.395881
0.183724	-0.243490	-0.383765
0.183368	-0.278637	-0.371673
0.171535	-0.302175	-0.347455
0.159823	-0.314012	-0.347462
0.159823	-0.314012	-0.347462
0.159941	-0.302294	-0.347454
0.171654	-0.290465	-0.359563
0.171654	-0.290465	-0.359563
0.160298	-0.267155	-0.371663
0.125517	-0.267518	-0.383776
0.113923	-0.267636	-0.383775
0.114161	-0.244216	-0.407992
0.114280	-0.232497	-0.407984
0.137468	-0.232261	-0.407986
0.137349	-0.243979	-0.407994
0.125874	-0.232379	-0.407985
0.114042	-0.255926	-0.395884
0.102210	-0.279473	-0.383782
0.078546	-0.326559	-0.347463
0.055001	-0.361934	-0.323252
0.031454	-0.397294	-0.274809
-0.003808	-0.444466	-0.190023
-0.050548	-0.480022	-0.080995
-0.062270	-0.491779	0.040163
-0.073867	-0.491873	0.076513
-0.062158	-0.480012	0.112869
-0.050448	-0.468152	0.149226
-0.050450	-0.468136	0.173458
-0.050335	-0.456393	0.209816
-0.038507	-0.432815	0.246180
-0.026680	-0.409228	0.294661
-0.026328	-0.374049	0.331034
-0.014618	-0.362196	0.355274
-0.014382	-0.338752	0.367407
-0.014029	-0.303581	0.391663
-0.013795	-0.280128	0.415912
-0.025036	-0.245075	0.440170
-0.001612	-0.221394	0.452301
0.009982	-0.221276	0.452300
0.021459	-0.232884	0.440174
0.032817	-0.256210	0.428041
0.044058	-0.291263	0.403783
0.043823	-0.314707	0.391651
0.055065	-0.349768	0.355276
0.054596	-0.396681	0.294662
0.065957	-0.420031	0.246179
0.077318	-0.443374	0.209813
0.088795	-0.454990	0.185571
0.065492	-0.466969	0.149216
0.030594	-0.479058	0.124978
-0.027376	-0.479657	0.112866
-0.085345	-0.480257	0.100755
-0.143192	-0.469170	0.040185
-0.212518	-0.446452	0.028091
-0.281726	-0.412015	0.016004
-0.316270	-0.388949	-0.008210
-0.339217	-0.365781	-0.056657
-0.338854	-0.330698	-0.165681
-0.315185	-0.283652	-0.262583
-0.280280	-0.271611	-0.311044
-0.268448	-0.248072	-0.335261
-0.268091	-0.212933	-0.359470
-0.279686	-0.213044	-0.347353
-0.314588	-0.225101	-0.323125
-0.338017	-0.248742	-0.274673
-0.338256	-0.272155	-0.238340
-0.327020	-0.307167	-0.202016
-0.315904	-0.353882	-0.141466
-0.304670	-0.388879	-0.080909
-0.293321	-0.412133	0.016005
-0.293207	-0.400375	0.076596
-0.281618	-0.400216	0.137177
-0.258316	-0.388221	0.197765
-0.223421	-0.376108	0.258352
-0.188524	-0.364011	0.294707
-0.165220	-0.352032	0.331062
-0.153274	-0.316735	0.367434
-0.153157	-0.305008	0.379559
-0.141681	-0.316608	0.379550
-0.118493	-0.316372	0.379548
-0.130087	-0.316490	0.379549
-0.176579	-0.328698	0.355312
-0.188055	-0.317098	0.355321
-0.152922	-0.281556	0.403808
-0.094601	-0.245777	0.452293
-0.071530	-0.257267	0.440166
-0.060172	-0.280593	0.428033
-0.037337	-0.315528	0.403774
-0.002907	-0.350351	0.367398
0.043234	-0.373323	0.355261
0.054829	-0.373212	0.343144
0.054594	-0.396665	0.318895
0.077783	-0.396436	0.306777
0.113036	-0.349184	0.343155
0.148288	-0.301932	0.379533
0.172301	-0.219643	0.415937
0.184013	-0.207799	0.428060
0.160589	-0.231480	0.415930
0.125570	-0.255272	0.415917
0.137283	-0.243435	0.415924
0.206850	-0.242749	0.379568
0.113624	-0.290569	0.379544
0.008923	-0.326789	0.379529
-0.083828	-0.327743	0.367420
-0.141680	-0.316616	0.367433
-0.176107	-0.281816	0.367460
-0.199059	-0.258617	0.367478
-0.222128	-0.247135	0.367488
-0.222128	-0.247135	0.367488
-0.222364	-0.270579	0.355356
-0.233839	-0.258987	0.343248
-0.257144	-0.270950	0.331126
-0.257144	-0.270950	0.331126
-0.245667	-0.282558	0.319000
-0.245667	-0.282558	0.319000
-0.245786	-0.294277	0.318992
-0.257496	-0.306129	0.294753
-0.246254	-0.341190	0.258378
-0.223420	-0.376116	0.246236
-0.234895	-0.364524	0.234128
-0.257848	-0.341308	0.258379
-0.269205	-0.317990	0.258396
-0.292275	-0.306508	0.258406
-0.338413	-0.283561	0.234193
-0.372837	-0.248785	0.197871
-0.395670	-0.213867	0.197897
-0.395200	-0.166970	0.234278
-0.348593	-0.143012	0.306989
-0.278681	-0.107091	0.391822
-0.220713	-0.106475	0.428166
-0.162982	-0.129304	0.452378
-0.105131	-0.140423	0.464482
-0.058991	-0.163386	0.464462
-0.047516	-0.174986	0.464453
-0.082298	-0.175341	0.464456
-0.140503	-0.199385	0.440212
-0.175637	-0.234919	0.403842
-0.211358	-0.329085	0.306849
-0.200466	-0.399340	0.209869
-0.189219	-0.434441	0.112912
-0.143074	-0.457444	0.052310
-0.108409	-0.468823	0.028066
-0.108526	-0.480550	0.015942
-0.108407	-0.468839	0.003833
-0.096927	-0.480471	-0.044642
-0.027359	-0.479793	-0.093113
0.019137	-0.467618	-0.117342
0.042325	-0.467373	-0.105227
0.076983	-0.478697	-0.044656
0.135063	-0.466315	0.064395
0.123465	-0.466401	0.112862
0.123581	-0.454659	0.149219
0.135175	-0.454540	0.149218
0.158480	-0.442577	0.161340
0.170307	-0.418990	0.209821
0.147818	-0.348829	0.343152
0.113858	-0.267108	0.415910
0.102735	-0.220337	0.440175
0.079783	-0.197129	0.452310
0.080137	-0.161966	0.464450
0.057303	-0.127040	0.476593
0.022993	-0.080514	0.488744
0.011635	-0.057188	0.500877
0.000514	-0.010433	0.500910
-0.022082	0.047914	0.488836
-0.033321	0.082951	0.488861
-0.067747	0.117743	0.476771
-0.102410	0.129098	0.464666
-0.102290	0.140808	0.452558
-0.113766	0.152408	0.452566
-0.113528	0.175837	0.440466
-0.125242	0.164008	0.452575
-0.172684	0.058078	0.464624
-0.208766	-0.071186	0.452422
-0.187585	-0.270201	0.391702
-0.154094	-0.398827	0.270447
-0.108188	-0.445259	0.221945
-0.143196	-0.469138	0.088651
-0.189446	-0.457957	-0.008268
-0.200915	-0.446405	-0.080958
-0.223863	-0.423237	-0.129406
-0.246812	-0.400053	-0.153621
-0.258168	-0.376751	-0.177837
-0.258048	-0.365049	-0.202062
-0.269523	-0.353449	-0.202053
-0.280998	-0.341857	-0.214160
-0.292593	-0.341967	-0.202043
-0.304068	-0.330375	-0.214150
-0.304069	-0.330367	-0.202034
-0.327138	-0.318886	-0.202024
-0.338614	-0.307286	-0.202015
-0.350090	-0.295686	-0.202006
-0.373043	-0.272470	-0.177755
-0.396234	-0.272682	-0.141404
-0.407713	-0.261058	-0.105045
-0.430784	-0.249569	-0.092919
-0.442141	-0.226250	-0.092902
-0.453498	-0.202932	-0.092885
-0.453500	-0.202916	-0.068652
-0.453622	-0.214610	-0.032311
-0.442272	-0.237865	0.064604
-0.419326	-0.261017	0.137285
-0.396259	-0.272482	0.161507
-0.396141	-0.260756	0.173632
-0.407616	-0.249164	0.161524
-0.430565	-0.225988	0.125193
-0.430447	-0.214262	0.137318
-0.430447	-0.214262	0.137318
-0.395790	-0.225569	0.222122
-0.361012	-0.225182	0.270584
-0.349537	-0.236774	0.282692
-0.326351	-0.236521	0.306923
-0.314993	-0.259848	0.294789
-0.292043	-0.283040	0.306888
-0.268973	-0.294521	0.306878
-0.280684	-0.306366	0.294754
-0.315462	-0.306753	0.246292
-0.327054	-0.306887	0.222060
-0.338412	-0.283569	0.222077
-0.361247	-0.248635	0.246336
-0.372722	-0.237043	0.234228
-0.361129	-0.236916	0.246344
-0.384315	-0.237169	0.222113
-0.372722	-0.237043	0.234228
-0.337943	-0.236656	0.282691
-0.314877	-0.248113	0.319030
-0.268502	-0.247624	0.343259
-0.268503	-0.247616	0.355376
-0.268503	-0.247616	0.355376
-0.268620	-0.259350	0.331135
-0.245316	-0.247372	0.367490
-0.199295	-0.282053	0.367462
-0.176226	-0.293527	0.379569
-0.175991	-0.270082	0.391701
-0.164161	-0.246519	0.403833
-0.175637	-0.234919	0.403842
-0.210654	-0.258727	0.379596
-0.222601	-0.294016	0.355340
-0.234428	-0.317595	0.318975
-0.269443	-0.341419	0.270497
-0.304337	-0.353548	0.185676
-0.327640	-0.365527	0.149321
-0.338997	-0.342216	0.137222
-0.350471	-0.330624	0.125114
-0.361948	-0.319017	0.137240
-0.373541	-0.319143	0.125124
-0.373424	-0.307417	0.137249
-0.361831	-0.307290	0.149364
-0.361831	-0.307290	0.149364
-0.350238	-0.307164	0.161480
-0.350238	-0.307164	0.161480
-0.361712	-0.295572	0.149372
-0.361828	-0.307314	0.113015
-0.350233	-0.307204	0.100897
-0.338756	-0.318812	0.088772
-0.338755	-0.318820	0.076655
-0.338871	-0.330554	0.052415
-0.338867	-0.330586	0.003949
-0.338746	-0.318892	-0.032392
-0.327267	-0.330524	-0.080867
-0.315669	-0.330438	-0.129334
-0.303953	-0.318625	-0.165676
-0.303953	-0.318625	-0.165676
-0.315429	-0.307025	-0.165667
-0.326906	-0.295417	-0.153542
-0.338501	-0.295527	-0.141424
-0.373048	-0.272430	-0.117173
-0.396121	-0.260924	-0.080813
-0.407718	-0.261018	-0.044463
-0.407601	-0.249284	-0.020222
-0.419078	-0.237676	-0.008097
-0.419079	-0.237668	0.004020
-0.419080	-0.237660	0.016136
-0.430557	-0.226052	0.028262
-0.430438	-0.214334	0.028270
-0.442032	-0.214452	0.028271
-0.441912	-0.202750	0.004046
-0.453386	-0.191166	-0.020178
-0.453266	-0.179463	-0.044403
-0.453265	-0.179471	-0.056520
-0.453145	-0.167761	-0.068628
-0.453144	-0.167769	-0.080744
-0.464620	-0.156169	-0.080735
-0.464620	-0.156169	-0.080735
-0.464620	-0.156169	-0.080735
-0.464503	-0.144443	-0.068611
-0.464503	-0.144443	-0.068611
-0.464739	-0.167879	-0.068627
-0.441787	-0.191087	-0.080761
-0.430430	-0.214406	-0.080778
-0.407359	-0.225895	-0.092905
-0.396001	-0.249222	-0.105038
-0.396001	-0.249222	-0.105038
-0.384405	-0.249119	-0.129272
-0.384403	-0.249135	-0.153505
-0.372808	-0.249025	-0.165622
-0.361331	-0.260633	-0.177748
-0.361331	-0.260633	-0.177748
-0.349854	-0.272241	-0.189873
-0.349854	-0.272241	-0.189873
-0.338259	-0.272131	-0.201991
-0.349853	-0.272249	-0.201990
-0.349855	-0.272233	-0.177757
-0.373046	-0.272446	-0.141406
-0.396001	-0.249222	-0.105038
-0.419074	-0.237708	-0.056563
-0.430553	-0.226084	-0.020204
-0.442031	-0.214460	0.016154
-0.441916	-0.202718	0.052511
-0.430443	-0.214294	0.088852
-0.418852	-0.214151	0.125200
-0.407378	-0.225735	0.149424
-0.395787	-0.225593	0.185772
-0.384077	-0.213740	0.210012
-0.372485	-0.213606	0.234244
-0.337706	-0.213227	0.270591
-0.302693	-0.189388	0.343302
-0.267794	-0.177298	0.367540
-0.244726	-0.188772	0.379647
-0.256673	-0.224061	0.355391
-0.245551	-0.270824	0.343241
-0.234311	-0.305869	0.331100
-0.211359	-0.329077	0.318965
-0.199883	-0.340677	0.318957
-0.188290	-0.340550	0.331072
-0.165103	-0.340306	0.343186
-0.141915	-0.340069	0.343184
-0.118729	-0.339816	0.367415
-0.106899	-0.316253	0.379547
-0.083594	-0.304283	0.403786
-0.071765	-0.280720	0.415917
-0.071647	-0.268993	0.428042
-0.071646	-0.269001	0.415925
-0.071647	-0.268993	0.428042
-0.083240	-0.269120	0.415926
-0.106310	-0.257638	0.415936
-0.129498	-0.257875	0.415938
-0.129263	-0.234430	0.428071
-0.129144	-0.222712	0.428079
-0.129144	-0.222712	0.428079
-0.117550	-0.222593	0.428078
-0.094362	-0.222357	0.428076
-0.071175	-0.222112	0.440190
-0.059699	-0.233712	0.440181
-0.059699	-0.233712	0.440181
-0.059581	-0.221994	0.440189
-0.047987	-0.221875	0.440188
-0.047987	-0.221875	0.440188
-0.036511	-0.233475	0.440179
-0.025036	-0.245075	0.440170
-0.013441	-0.244965	0.428053
-0.013559	-0.256683	0.428045
0.009393	-0.279891	0.415910
0.020988	-0.279781	0.403793
0.020870	-0.291499	0.403785
0.009158	-0.303336	0.403778
0.009041	-0.315070	0.379537
0.008806	-0.338515	0.367405
0.008571	-0.361967	0.343156
0.008454	-0.373694	0.331031
0.008336	-0.385420	0.318907
0.008219	-0.397146	0.306782
0.008102	-0.408873	0.294658
0.007984	-0.420599	0.282534
-0.003727	-0.432444	0.270410
-0.003725	-0.432460	0.246177
-0.003842	-0.444186	0.234053
-0.003960	-0.455912	0.221928
-0.003959	-0.455920	0.209812
-0.003958	-0.455928	0.197695
-0.004075	-0.467654	0.185571
-0.004075	-0.467654	0.185571
-0.004074	-0.467662	0.173455
-0.004074	-0.467662	0.173455
-0.004073	-0.467670	0.161338
-0.015667	-0.467789	0.161339
-0.015784	-0.479523	0.137098
-0.015783	-0.479531	0.124982
-0.015784	-0.479523	0.137098
-0.015783	-0.479531	0.124982
-0.027376	-0.479657	0.112866
-0.027492	-0.491392	0.088625
-0.039084	-0.491526	0.064394
-0.039083	-0.491534	0.052277
-0.039084	-0.491526	0.064394
-0.038969	-0.479784	0.100751
-0.027261	-0.467907	0.161340
-0.026913	-0.432696	0.246179
-0.026212	-0.362314	0.355275
-0.037336	-0.315536	0.391657
-0.037100	-0.292091	0.403790
-0.036747	-0.256920	0.428047
-0.047752	-0.198423	0.464437
-0.047162	-0.139823	0.476593
-0.058283	-0.093068	0.476626
-0.069523	-0.058024	0.488768
-0.068930	0.000560	0.476691
-0.079932	0.059033	0.476732
-0.079458	0.105898	0.464648
-0.090577	0.152637	0.440448
-0.113289	0.199249	0.404133
-0.113169	0.210960	0.392024
-0.112931	0.234380	0.367807
-0.135880	0.257564	0.343592
-0.170304	0.292332	0.295154
-0.182016	0.280496	0.295147
-0.205083	0.291953	0.258807
-0.228269	0.291701	0.234576
-0.228268	0.291693	0.222460
-0.251337	0.303166	0.210353
-0.274640	0.291187	0.173998
-0.298183	0.255796	0.173976
-0.310249	0.208796	0.161829
-0.356978	0.173152	0.137576
-0.427131	0.113827	0.101192
-0.474331	0.031285	0.040558
-0.486985	-0.074338	-0.020095
-0.464741	-0.167863	-0.044394
-0.464859	-0.179590	-0.056519
-0.430188	-0.191009	-0.141345
-0.361093	-0.237204	-0.189848
-0.279929	-0.236424	-0.262554
-0.221955	-0.235865	-0.311024
-0.233547	-0.235999	-0.335256
-0.280162	-0.259893	-0.311036
-0.407468	-0.237686	-0.201961
-0.499168	-0.133064	-0.044367
-0.497996	-0.015793	0.088994
-0.473746	0.089933	0.125413
-0.403004	0.207866	0.186069
-0.321261	0.267341	0.270918
-0.170191	0.304099	0.367860
-0.043136	0.258575	0.440516
0.118588	0.201648	0.452579
0.257245	0.156178	0.428302
0.326457	0.121709	0.391923
0.384076	0.087114	0.343428
0.442051	0.087666	0.282841
0.453411	0.064331	0.258591
0.464887	0.052724	0.246466
0.499913	0.076459	0.161664
0.523467	0.111763	0.028405
0.500997	0.181764	-0.080593
0.432155	0.251268	-0.225936
0.374544	0.285799	-0.274373
0.340235	0.332317	-0.274338
0.340934	0.402715	-0.141009
0.283300	0.437430	0.089232
0.167110	0.412914	0.246739
0.085353	0.353559	0.343638
-0.031303	0.282114	0.416298
-0.182498	0.233694	0.404163
-0.310502	0.185488	0.355676
-0.345043	0.208537	0.307229
-0.391891	0.161175	0.282968
-0.426905	0.137351	0.234489
-0.461804	0.125262	0.210251
-0.473870	0.078262	0.198104
-0.474815	-0.015500	0.173807
-0.475994	-0.132715	0.125261
-0.419202	-0.249346	0.064594
-0.338987	-0.342296	0.016057
-0.258536	-0.411794	-0.008230
-0.166258	-0.457713	0.003846
-0.062152	-0.480060	0.040171
0.042187	-0.478932	0.137093
0.158827	-0.407359	0.258296
0.135872	-0.384127	0.306780
0.112800	-0.372629	0.331022
0.101910	-0.302389	0.403770
0.067717	-0.244129	0.440162
0.056594	-0.197358	0.464428
0.056830	-0.173913	0.476561
0.057185	-0.138758	0.476585
0.045944	-0.103714	0.488726
0.023230	-0.057077	0.488760
0.000515	-0.010441	0.488794
0.000753	0.012988	0.476694
0.000989	0.036424	0.476710
-0.021961	0.059616	0.464611
-0.033911	0.024351	0.476705
0.022875	-0.092232	0.488736
0.067718	-0.244137	0.428046
0.101441	-0.349295	0.355272
0.054361	-0.420126	0.282530
-0.073289	-0.433170	0.246183
-0.211943	-0.387724	0.234110
-0.303984	-0.318377	0.209933
-0.373068	-0.272270	0.125156
-0.430319	-0.202623	0.016161
-0.407123	-0.202451	-0.080772
-0.372573	-0.225572	-0.141374
-0.337904	-0.236976	-0.201967
-0.314711	-0.236779	-0.262551
-0.280164	-0.259877	-0.286803
-0.245497	-0.271264	-0.323163
-0.233784	-0.259435	-0.335272
-0.222069	-0.247615	-0.359498
-0.255784	-0.142529	-0.395773
-0.323339	0.055996	-0.359281
-0.368424	0.184504	-0.238025
-0.402980	0.207674	-0.104725
-0.414697	0.195877	-0.044150
-0.426531	0.172346	-0.007816
-0.438480	0.137073	-0.007839
-0.450430	0.101808	0.004255
-0.450667	0.078379	0.016355
-0.451024	0.043240	0.040564
-0.463094	-0.003735	0.064766
-0.463331	-0.027164	0.076866
-0.475045	-0.038993	0.088976
-0.486872	-0.062571	0.052611
-0.487223	-0.097758	0.004122
-0.487574	-0.132945	-0.044368
-0.487576	-0.132929	-0.020135
-0.487694	-0.144656	-0.032260
-0.476218	-0.156256	-0.032269
-0.476336	-0.167974	-0.032277
-0.476337	-0.167966	-0.020160
-0.476338	-0.167958	-0.008044
-0.476456	-0.179684	-0.020168
-0.464860	-0.179582	-0.044402
-0.464977	-0.191308	-0.056527
-0.453499	-0.202924	-0.080768
-0.453497	-0.202940	-0.105001
-0.453378	-0.191230	-0.117110
-0.441901	-0.202838	-0.129235
-0.430426	-0.214438	-0.129244
-0.430663	-0.237866	-0.117144
-0.419070	-0.237740	-0.105028
-0.419189	-0.249458	-0.105036
-0.419310	-0.261153	-0.068695
-0.419429	-0.272863	-0.056587
-0.419429	-0.272863	-0.056587
-0.419429	-0.272863	-0.056587
-0.419428	-0.272871	-0.068703
-0.419428	-0.272871	-0.068703
-0.419309	-0.261161	-0.080811
-0.419309	-0.261161	-0.080811
-0.419308	-0.261169	-0.092928
-0.419189	-0.249458	-0.105036
-0.419189	-0.249458	-0.105036
-0.419069	-0.237748	-0.117145
-0.418950	-0.226038	-0.129253
-0.418950	-0.226038	-0.129253
-0.430544	-0.226156	-0.129252
-0.430545	-0.226148	-0.117136
-0.430547	-0.226132	-0.092903
-0.430666	-0.237842	-0.080794
-0.430785	-0.249561	-0.080802
-0.430786	-0.249553	-0.068686
-0.430787	-0.249545	-0.056570
-0.430787	-0.249537	-0.044453
-0.430787	-0.249537	-0.044453
-0.430788	-0.249529	-0.032337
-0.430789	-0.249521	-0.020220
-0.442384	-0.249631	-0.008103
-0.430790	-0.249513	-0.008104
-0.442266	-0.237913	-0.008095
-0.442265	-0.237921	-0.020211
-0.442143	-0.226234	-0.068669
-0.441901	-0.202838	-0.129235
-0.441781	-0.191135	-0.153460
-0.430185	-0.191033	-0.177694
-0.418588	-0.190939	-0.214044
-0.406756	-0.167400	-0.238262
-0.395161	-0.167290	-0.250380
-0.395041	-0.155579	-0.262488
-0.395040	-0.155587	-0.274604
-0.395160	-0.167298	-0.262496
-0.406756	-0.167400	-0.238262
-0.418352	-0.167502	-0.214028
-0.429947	-0.167605	-0.189794
-0.441662	-0.179425	-0.165569
-0.441664	-0.179409	-0.141336
-0.453379	-0.191222	-0.104993
-0.453381	-0.191206	-0.080760
-0.453502	-0.202900	-0.044419
-0.453504	-0.202884	-0.020186
-0.453625	-0.214586	0.004039
-0.453627	-0.214562	0.040388
-0.453512	-0.202820	0.076745
-0.453514	-0.202804	0.100978
-0.430566	-0.225980	0.137310
-0.419092	-0.237564	0.161533
-0.396024	-0.249030	0.185756
-0.384548	-0.260630	0.185747
-0.373074	-0.272222	0.197855
-0.361599	-0.283814	0.209962
-0.350006	-0.283687	0.222078
-0.338532	-0.295271	0.246302
-0.326938	-0.295153	0.246301
-0.326938	-0.295153	0.246301
-0.338531	-0.295279	0.234185
-0.361600	-0.283806	0.222079
-0.384667	-0.272348	0.185739
-0.407734	-0.260882	0.161516
-0.419207	-0.249306	0.125176
-0.430798	-0.249449	0.088828
-0.430913	-0.261199	0.040354
-0.430910	-0.261223	0.004005
-0.430907	-0.261247	-0.032345
-0.430905	-0.261263	-0.056578
-0.430785	-0.249561	-0.080802
-0.419188	-0.249466	-0.117153
-0.407591	-0.249372	-0.153503
-0.396113	-0.260988	-0.177745
-0.384400	-0.249159	-0.189854
-0.384160	-0.225747	-0.226188
-0.360970	-0.225526	-0.250422
-0.337780	-0.225305	-0.274657
-0.326184	-0.225203	-0.298891
-0.314470	-0.213383	-0.323117
-0.291281	-0.213154	-0.335235
-0.279924	-0.236464	-0.323136
-0.268448	-0.248072	-0.335261
-0.256972	-0.259672	-0.335270
-0.245259	-0.247844	-0.347380
-0.233783	-0.259443	-0.347389
-0.233783	-0.259443	-0.347389
-0.222188	-0.259333	-0.359506
-0.210474	-0.247505	-0.371616
-0.175572	-0.235447	-0.395843
-0.140789	-0.235100	-0.407963
-0.129313	-0.246700	-0.407972
-0.106244	-0.258182	-0.407982
-0.094650	-0.258064	-0.407983
-0.071461	-0.257827	-0.407985
-0.048272	-0.257598	-0.420103
-0.036560	-0.245762	-0.420096
-0.024966	-0.245643	-0.420097
-0.036560	-0.245762	-0.420096
-0.048035	-0.234170	-0.432204
-0.082818	-0.234517	-0.420084
-0.117482	-0.223153	-0.420073
-0.129076	-0.223272	-0.420072
-0.152027	-0.200072	-0.420054
-0.140433	-0.199953	-0.420055
-0.140314	-0.188243	-0.432164
-0.128600	-0.176415	-0.444273
-0.128482	-0.164696	-0.444265
-0.116888	-0.164578	-0.444266
-0.093699	-0.164349	-0.456384
-0.104938	-0.129313	-0.456359
-0.116413	-0.117721	-0.468467
-0.139246	-0.082802	-0.468441
-0.150722	-0.071202	-0.468432
-0.173911	-0.071431	-0.456314
-0.173911	-0.071431	-0.456314
-0.174029	-0.083149	-0.456322
-0.174147	-0.094868	-0.456330
-0.174503	-0.130015	-0.444237
-0.163028	-0.141615	-0.444246
-0.151552	-0.153215	-0.444255
-0.140077	-0.164807	-0.432148
-0.140314	-0.188243	-0.432164
-0.128839	-0.199835	-0.420056
-0.129076	-0.223272	-0.420072
-0.117601	-0.234864	-0.407965
-0.117601	-0.234864	-0.407965
-0.117600	-0.234872	-0.420081
-0.140195	-0.176525	-0.432156
-0.174503	-0.130015	-0.444237
-0.197455	-0.106815	-0.444219
-0.232001	-0.083725	-0.432084
-0.255072	-0.072235	-0.419957
-0.278143	-0.060746	-0.407831
-0.289737	-0.060864	-0.407830
-0.301333	-0.060966	-0.383596
-0.312927	-0.061085	-0.383595
-0.336116	-0.061313	-0.371477
-0.347711	-0.061424	-0.359359
-0.359306	-0.061534	-0.347242
-0.370782	-0.049926	-0.335117
-0.370783	-0.049918	-0.323000
-0.382260	-0.038310	-0.310875
-0.405332	-0.026812	-0.286632
-0.428522	-0.027033	-0.262397
-0.440237	-0.038846	-0.226055
-0.463546	-0.050776	-0.189711
-0.463548	-0.050760	-0.165479
-0.475262	-0.062589	-0.153369
-0.475263	-0.062581	-0.141253
-0.475264	-0.062573	-0.129136
-0.486741	-0.050957	-0.104894
-0.486862	-0.062659	-0.080670
-0.487100	-0.086080	-0.056453
-0.487339	-0.109501	-0.032236
-0.487577	-0.132921	-0.008019
-0.476340	-0.167942	0.016189
-0.465103	-0.202962	0.040397
-0.430797	-0.249457	0.076711
-0.408083	-0.296093	0.076677
-0.385249	-0.331011	0.076651
-0.373771	-0.342635	0.040293
-0.362413	-0.365954	0.040276
-0.350818	-0.365843	0.028159
-0.327869	-0.389027	0.052374
-0.304800	-0.400501	0.064480
-0.304798	-0.400517	0.040247
-0.304796	-0.400533	0.016014
-0.293320	-0.412141	0.003889
-0.270367	-0.435349	-0.008245
-0.281840	-0.423773	-0.044586
-0.281840	-0.423773	-0.044586
-0.281840	-0.423773	-0.044586
-0.258772	-0.435239	-0.020363
-0.258775	-0.435215	0.015986
-0.270252	-0.423607	0.028112
-0.293323	-0.412109	0.052355
-0.293204	-0.400399	0.040246
-0.304798	-0.400517	0.040247
-0.316272	-0.388933	0.016023
-0.339340	-0.377467	-0.008200
-0.362290	-0.354275	-0.020298
-0.385123	-0.319357	-0.020272
-0.408073	-0.296173	-0.044487
-0.419309	-0.261161	-0.080811
-0.419189	-0.249458	-0.105036
-0.430426	-0.214438	-0.129244
-0.418590	-0.190923	-0.189811
-0.406756	-0.167392	-0.226146
-0.394923	-0.143861	-0.262480
-0.371614	-0.131930	-0.298823
-0.348304	-0.119999	-0.335167
-0.324995	-0.108068	-0.371510
-0.313401	-0.107950	-0.371511
-0.290211	-0.107729	-0.395746
-0.267022	-0.107501	-0.407864
-0.255546	-0.119101	-0.407873
-0.232357	-0.118872	-0.419991
-0.220644	-0.107043	-0.432101
-0.197573	-0.118533	-0.444227
-0.197692	-0.130243	-0.432119
-0.186217	-0.141843	-0.432128
-0.174859	-0.165161	-0.432145
-0.163740	-0.211900	-0.407945
-0.141028	-0.258521	-0.383746
-0.118315	-0.305141	-0.359547
-0.118552	-0.328570	-0.347447
-0.118673	-0.340272	-0.323222
-0.118792	-0.351983	-0.311113
-0.119150	-0.387114	-0.274788
-0.107795	-0.410408	-0.238456
-0.119510	-0.422228	-0.214230
-0.119630	-0.433931	-0.190005
-0.119751	-0.445625	-0.153664
-0.131466	-0.457446	-0.129438
-0.143062	-0.457548	-0.105204
-0.143183	-0.469242	-0.068862
-0.154779	-0.469345	-0.044629
-0.166377	-0.469431	0.003838
-0.166380	-0.469407	0.040187
-0.154788	-0.469273	0.064419
-0.143314	-0.480857	0.088643
-0.108535	-0.480478	0.124990
-0.096941	-0.480359	0.124989
-0.073754	-0.480115	0.137103
-0.039091	-0.491470	0.149209
0.007401	-0.479254	0.185562
0.030705	-0.467284	0.209801
0.030822	-0.455557	0.221925
0.019345	-0.443941	0.246167
0.019461	-0.432207	0.270408
0.019930	-0.385302	0.318906
0.031641	-0.373449	0.343146
0.043470	-0.349878	0.367394
0.043705	-0.326434	0.379526
0.043940	-0.302981	0.403775
0.044057	-0.291255	0.415899
0.032699	-0.267928	0.428033
0.044646	-0.232639	0.452289
0.044764	-0.220921	0.452297
0.044764	-0.220921	0.452297
0.044883	-0.209203	0.452305
0.045000	-0.197476	0.464429
0.033406	-0.197595	0.464430
0.033406	-0.197595	0.464430
0.044647	-0.232647	0.440172
0.044529	-0.244366	0.440164
0.055888	-0.267700	0.415914
0.067011	-0.314471	0.391649
0.078135	-0.361258	0.343150
0.089262	-0.408060	0.270418
0.100505	-0.443129	0.221928
0.111985	-0.454769	0.161336
0.100161	-0.478372	0.088623
0.088452	-0.490241	0.040150
0.065268	-0.490509	-0.008314
0.030489	-0.490888	-0.044660
-0.004171	-0.479557	-0.093115
-0.027237	-0.468107	-0.141571
-0.050183	-0.444947	-0.202135
-0.049945	-0.421527	-0.226352
-0.061417	-0.409951	-0.262692
-0.072892	-0.398359	-0.274800
-0.096080	-0.398595	-0.274798
-0.107555	-0.387003	-0.286905
-0.119031	-0.375403	-0.286896
-0.130626	-0.375514	-0.274779
-0.142219	-0.375640	-0.286894
-0.153694	-0.364040	-0.286885
-0.199833	-0.341085	-0.298982
-0.234618	-0.341416	-0.262630
-0.257807	-0.341644	-0.250511
-0.269282	-0.330052	-0.262619
-0.292351	-0.318571	-0.262609
-0.303829	-0.306955	-0.238367
-0.327138	-0.318886	-0.202024
-0.338855	-0.330690	-0.153565
-0.338978	-0.342368	-0.092991
-0.350694	-0.354173	-0.044532
-0.339104	-0.354023	0.003933
-0.327632	-0.365591	0.052390
-0.292973	-0.376914	0.112961
-0.258313	-0.388253	0.149299
-0.235126	-0.388001	0.173530
-0.200465	-0.399348	0.197752
-0.177394	-0.410838	0.185626
-0.165918	-0.422438	0.185617
-0.154441	-0.434054	0.161375
-0.143081	-0.457388	0.137125
-0.143078	-0.457412	0.100776
-0.154670	-0.457546	0.076544
-0.154788	-0.469273	0.064419
-0.177852	-0.457839	-0.008269
-0.189320	-0.446295	-0.093075
-0.166127	-0.446098	-0.153660
-0.166007	-0.434396	-0.177884
-0.154412	-0.434286	-0.190002
-0.142817	-0.434175	-0.202119
-0.131223	-0.434057	-0.202120
-0.096321	-0.422000	-0.226348
-0.061536	-0.421669	-0.262700
-0.049822	-0.409840	-0.274810
-0.038228	-0.409722	-0.274811
-0.015040	-0.409485	-0.274813
-0.015040	-0.409485	-0.274813
-0.026754	-0.421314	-0.262703
-0.050061	-0.433261	-0.250593
-0.096559	-0.445420	-0.202131
-0.142938	-0.445870	-0.165778
-0.177723	-0.446201	-0.129426
-0.177844	-0.457903	-0.105201
-0.189438	-0.458021	-0.105200
-0.189442	-0.457989	-0.056734
-0.177969	-0.469565	-0.020394
-0.177973	-0.469533	0.028072
-0.154789	-0.469265	0.076536
-0.143197	-0.469130	0.100768
-0.131603	-0.469012	0.100767
-0.131604	-0.469004	0.112883
-0.131604	-0.469004	0.112883
-0.131604	-0.469004	0.112883
-0.131604	-0.469004	0.112883
-0.120010	-0.468886	0.112882
-0.120010	-0.468878	0.124999
-0.108417	-0.468751	0.137114
-0.085230	-0.468507	0.149229
-0.062043	-0.468262	0.161343
-0.062042	-0.468270	0.149227
-0.062042	-0.468270	0.149227
-0.073636	-0.468388	0.149228
-0.073636	-0.468388	0.149228
-0.073636	-0.468388	0.149228
-0.085230	-0.468507	0.149229
-0.085230	-0.468507	0.149229
-0.096824	-0.468625	0.149230
-0.096824	-0.468625	0.149230
-0.085230	-0.468507	0.149229
-0.073519	-0.456662	0.161352
-0.073637	-0.468380	0.161344
-0.073519	-0.456662	0.161352
-0.073637	-0.468380	0.161344
-0.108418	-0.468743	0.149231
-0.131487	-0.457270	0.137124
-0.166267	-0.457641	0.112894
-0.189453	-0.457893	0.088663
-0.212519	-0.446444	0.040207
-0.224107	-0.446610	-0.032490
-0.212509	-0.446524	-0.080957
-0.200914	-0.446413	-0.093074
-0.200913	-0.446421	-0.105191
-0.189318	-0.446311	-0.117308
-0.189317	-0.446319	-0.129425
-0.189318	-0.446311	-0.117308
-0.189318	-0.446311	-0.117308
-0.212509	-0.446524	-0.080957
-0.212514	-0.446484	-0.020375
-0.212519	-0.446444	0.040207
-0.177742	-0.446049	0.100787
-0.131371	-0.445535	0.161365
-0.108066	-0.433564	0.185604
-0.119660	-0.433683	0.185605
-0.119778	-0.445409	0.173480
-0.131371	-0.445535	0.161365
-0.131371	-0.445535	0.161365
-0.131371	-0.445535	0.161365
-0.131371	-0.445535	0.161365
-0.142964	-0.445662	0.149249
-0.142964	-0.445662	0.149249
-0.154558	-0.445780	0.149250
-0.154556	-0.445796	0.125018
-0.166149	-0.445922	0.112902
-0.166266	-0.457649	0.100778
-0.177741	-0.446057	0.088670
-0.177740	-0.446065	0.076554
-0.189450	-0.457917	0.052314
-0.200923	-0.446341	0.015974
